0 0.05762028694152832
1 0.06195259094238281
2 0.05588173866271973
3 0.04804849624633789
4 0.018007278442382812
5 0.01822638511657715
6 0.01849365234375
7 0.0176846981048584
8 0.02004551887512207
9 0.02006387710571289
10 0.020150184631347656
11 0.02002573013305664
12 0.019987821578979492
13 0.021012306213378906
14 0.020644426345825195
15 0.02140331268310547
16 0.02002429962158203
17 0.020162343978881836
18 0.020928621292114258
19 0.0203554630279541
20 0.020051956176757812
21 0.01996898651123047
22 0.020070791244506836
23 0.02083563804626465
24 0.020302772521972656
25 0.020785093307495117
26 0.021070480346679688
27 0.02013111114501953
28 0.0211639404296875
29 0.020684242248535156
30 0.020549297332763672
31 0.0213625431060791
32 0.020563602447509766
33 0.02132391929626465
34 0.020090103149414062
35 0.020411252975463867
36 0.020375728607177734
37 0.021226167678833008
38 0.020963191986083984
39 0.02095651626586914
40 0.018103361129760742
41 0.018663644790649414
42 0.018575668334960938
43 0.01791858673095703
44 0.01765918731689453
45 0.018419981002807617
46 0.017813920974731445
47 0.018770694732666016
48 0.01859760284423828
49 0.019158124923706055
50 0.019248485565185547
51 0.01847052574157715
52 0.018160343170166016
53 0.017782926559448242
54 0.0188291072845459
55 0.018898725509643555
56 0.018881797790527344
57 0.018130779266357422
58 0.017452716827392578
59 0.01769733428955078
60 0.01804828643798828
61 0.017925262451171875
62 0.017716169357299805
63 0.018446922302246094
64 0.017501115798950195
65 0.017369747161865234
66 0.018178462982177734
67 0.0177915096282959
68 0.01787590980529785
69 0.01821112632751465
70 0.017467737197875977
71 0.017629384994506836
72 0.01775074005126953
73 0.017887115478515625
74 0.017513513565063477
75 0.017569303512573242
76 0.018047809600830078
77 0.01734614372253418
78 0.0177004337310791
79 0.019135236740112305
80 0.01784348487854004
81 0.017695903778076172
82 0.017519235610961914
83 0.017520904541015625
84 0.01781487464904785
85 0.017566442489624023
86 0.017823219299316406
87 0.01756882667541504
88 0.017663002014160156
89 0.018402814865112305
90 0.01802659034729004
91 0.017551183700561523
92 0.017559051513671875
93 0.018959760665893555
94 0.018205642700195312
95 0.017484188079833984
96 0.01792120933532715
97 0.017372846603393555
98 0.017362594604492188
99 0.017287731170654297
