0 1.14688
1 1.31072
2 1.55648
3 1.72032
4 1.8432
5 2.00704
6 2.12992
7 2.29376
8 2.41664
9 2.53952
10 2.62144
11 2.74432
12 2.8672
13 2.94912
14 3.072
15 3.15392
16 3.23584
17 3.31776
18 3.35872
19 3.44064
20 3.52256
21 3.56352
22 3.60448
23 3.6864
24 3.72736
25 3.76832
26 3.85024
27 3.85024
28 3.8912
29 3.93216
30 3.97312
31 4.01408
32 4.05504
33 4.096
34 4.096
35 4.17792
36 4.21888
37 4.21888
38 4.25984
39 4.3008
40 4.38272
41 4.38272
42 4.42368
43 4.46464
44 4.5056
45 4.54656
46 4.54656
47 4.58752
48 4.58752
49 4.62848
50 4.66944
51 4.66944
52 4.66944
53 4.66944
54 4.7104
55 4.75136
56 4.7104
57 4.79232
58 4.75136
59 4.79232
60 4.83328
61 4.79232
62 4.83328
63 4.83328
64 4.83328
65 4.87424
66 4.87424
67 4.87424
68 4.87424
69 4.9152
70 4.9152
71 4.9152
72 4.95616
73 4.95616
74 4.99712
75 4.99712
76 4.99712
77 5.03808
78 5.03808
79 5.07904
80 5.03808
81 5.03808
82 5.03808
83 5.03808
84 5.07904
85 5.07904
86 5.07904
87 5.07904
88 5.07904
89 5.12
90 5.07904
91 5.12
92 5.12
93 5.12
94 5.12
95 5.12
96 5.12
97 5.12
98 5.16096
99 5.16096
