36652279.61564147 0.17866689680527775 0.1009944076113026 23.5627055 120.4777069 113.18 0.03290812607135051 -0.03 0.01
36652279.6156416 0.1748833833847046 0.051384813428095893 23.5627063 120.4777091 113.48 0.032739866305322544 0.19 -0.42
-475036409.02745 -2.3909313630154183 -1.3720476367270913 23.562707 120.4777086 113.53 0.03294708520526593 0.09 -0.63
-181349693.78015536 -0.6070570366040062 -0.11399809487268109 23.5627071 120.4777074 113.52 0.0336200035948909 -0.08 -0.6
-117735086.10660362 -0.26642969152320095 0.060107978150475694 23.5627072 120.477706 113.51 0.03433260932654186 -0.13 -0.55
-55673983.18821726 -0.07183647827651779 -0.007080596509922779 23.5627071 120.4777044 113.54 0.034718671977251675 -0.16 -0.51
-97662044.11485076 -0.21729288257759166 0.0170338173392946 23.5627069 120.4777026 113.56 0.03507930352014584 -0.22 -0.42
-30262510.42545034 -0.0491538492917743 -0.1271348017303235 23.5627071 120.4777011 113.6 0.035828192741054525 -0.14 -0.29
-59171378.88149187 -0.10972220336857028 -0.0945176663381896 23.5627074 120.4776997 113.7 0.036153864052857594 0.02 0.04
-24945136.099732608 -0.022310731215478233 -0.03378805270792672 23.5627074 120.4776992 113.71 0.036135767041012665 -0.02 0.09
-28550948.168095164 -0.013869919509240646 -0.010233247472524819 23.5627073 120.477699 113.71 0.03609307323978733 0.0 0.15
-39389856.17842652 0.0010595423532752573 0.04072733777124127 23.5627075 120.4776991 113.68 0.035785823512587044 0.08 0.26
-43388472.57524671 0.005629648538043448 0.11845232889413643 23.5627077 120.4776997 113.66 0.03516266462345452 0.03 0.3
-44197202.312315956 -0.003772813192272585 0.20394001642595466 23.5627077 120.4777004 113.65 0.034673995369371 -0.02 0.34
-44395197.4219452 -0.013398771882820352 0.3029784980252899 23.5627077 120.4777011 113.65 0.034345092894151615 -0.01 0.39
-44472307.04661833 -0.036183877587932206 0.3926228200329759 23.5627077 120.4777018 113.67 0.033818802328481515 -0.05 0.36
-44510741.76500082 -0.07687405464487465 0.4666081959544102 23.5627076 120.4777024 113.7 0.033398834308143624 -0.11 0.3
-44533303.280031145 -0.13520268236938657 0.5270316062307996 23.5627073 120.477703 113.73 0.03323050588249381 -0.17 0.25
-44546156.83112433 -0.20565184130723466 0.5827218669522496 23.5627069 120.4777036 113.75 0.03366158427800437 -0.21 0.24
-44555860.07668007 -0.2709849149729777 0.6256589402741408 23.5627065 120.4777041 113.77 0.034763442211889435 -0.18 0.2
-44560971.7996877 -0.3088417218444409 0.6665265179058951 23.5627062 120.4777044 113.79 0.036204193636270886 -0.06 0.2
-44565423.33443067 -0.31057154115826446 0.724606858570297 23.5627062 120.4777047 113.81 0.03741427994014325 0.09 0.27
-44569182.16205759 -0.29749809507434805 0.7936952206102683 23.5627063 120.4777053 113.84 0.03770585030642569 0.16 0.32
-44572150.6990051 -0.2789365138217644 0.8793888134992014 23.5627064 120.4777061 113.87 0.0376496284791006 0.19 0.38
-44574495.25753402 -0.25614291566255853 0.9572118083653841 23.5627067 120.4777069 113.88 0.03710050962946147 0.22 0.35
-44574162.29827822 -0.2364918001726883 1.0096562647208556 23.5627072 120.4777076 113.9 0.036212565948947825 0.22 0.25
-44573880.21877123 -0.24195469448005064 1.0390952671670304 23.5627076 120.4777081 113.92 0.03536365006197144 0.12 0.15
-44573611.69719823 -0.2779566457874728 1.04074281922477 23.562708 120.4777082 113.94 0.03464764047755222 0.0 0.04
-44573335.85913705 -0.32102182714007654 1.0237043736213014 23.5627081 120.4777081 113.96 0.03412128125226027 -0.03 -0.03
-44573046.82826592 -0.35316023947637915 1.002757677672807 23.5627082 120.4777081 113.96 0.03385567878720071 0.01 -0.04
-44572750.88044145 -0.3845374675813427 0.9858182306132749 23.5627082 120.4777081 113.98 0.03378771616453864 0.01 -0.02
-44572451.70351301 -0.42528905215117224 0.967854794295309 23.5627083 120.4777081 114.0 0.0337571751163814 -0.03 -0.02
-44572147.96654409 -0.48300031961115064 0.9409831292432169 23.5627083 120.477708 114.03 0.03384057783158212 -0.1 -0.05
-44571844.99130568 -0.5499342820312967 0.9095711612562243 23.5627083 120.4777079 114.06 0.03418925635848994 -0.14 -0.06
-44571553.17602022 -0.6166686122138348 0.8804615824953731 23.5627082 120.4777079 114.08 0.034621982584924986 -0.14 -0.04
-44571282.73479902 -0.6935666545435789 0.8485449996537764 23.5627079 120.477708 114.1 0.03521977278407991 -0.18 -0.04
-44571035.18866859 -0.7720470181052067 0.8110436871148751 23.5627077 120.4777082 114.12 0.035827364664403075 -0.19 -0.05
-44570800.95180664 -0.8386265164339993 0.765632882548298 23.5627073 120.4777083 114.14 0.036436937270787 -0.15 -0.07
-44570573.41441645 -0.8924889160511001 0.7166946807181316 23.562707 120.4777083 114.16 0.037115410847998305 -0.1 -0.07
-44570357.58405883 -0.9347006812238183 0.6829353437714544 23.5627067 120.4777086 114.18 0.03782595054920986 -0.06 0.0
-44570164.81170027 -0.9961662192155558 0.6433504819426291 23.5627065 120.4777088 114.2 0.03813988314627056 -0.09 -0.01
-44569988.75005809 -1.068672374229917 0.5699912967464654 23.562706 120.4777088 114.23 0.03817787896488542 -0.19 -0.14
-44569833.75271153 -1.1459295382980055 0.48876090112223874 23.5627054 120.4777088 114.25 0.03828452608297549 -0.22 -0.16
-44569690.95379034 -1.2025849200321992 0.4045731710126007 23.562705 120.4777087 114.26 0.03803343576526225 -0.15 -0.16
-44569550.22327381 -1.237982227216967 0.30385836727628374 23.5627047 120.4777086 114.25 0.03745966186959388 -0.08 -0.22
-44569413.50988191 -1.269493102486364 0.19220106589023883 23.5627047 120.4777084 114.22 0.03692015536701427 -0.08 -0.26
-44569293.41005193 -1.3168447489589254 0.07235342115137838 23.5627045 120.477708 114.19 0.036935664119174774 -0.16 -0.29
-44569212.05278915 -1.423189013715501 -0.08606806791705714 23.562704 120.4777074 114.14 0.03822743040591771 -0.23 -0.24
-44569147.7378717 -1.486334412824952 -0.1565913390281738 23.5627035 120.477707 114.14 0.03877287908667956 -0.26 -0.06
-44569092.277509235 -1.5268673887687063 -0.19997181590447607 23.562703 120.4777069 114.15 0.03909875013556438 -0.19 0.06
-44569037.200907394 -1.5215901807487964 -0.25210468084204307 23.5627023 120.4777067 114.18 0.0391621749814003 -0.01 0.03
-44568978.541246004 -1.491581374217233 -0.3089213846513284 23.5627023 120.4777067 114.22 0.038997924521169666 0.08 0.01
-44568915.23504464 -1.4569430038138482 -0.35857906082614105 23.5627022 120.4777068 114.26 0.038382983980713554 0.09 0.03
-44568843.46994659 -1.4081601241949255 -0.39860524845665796 23.5627022 120.4777073 114.29 0.03783209246447385 0.14 0.06
-44568764.08040789 -1.3667805390600438 -0.4353375662654148 23.5627027 120.4777078 114.3 0.03572218644610176 0.06 0.03
-44568688.06599212 -1.3771122636969664 -0.44489156385948014 23.5627027 120.477708 114.29 0.03509758362431571 -0.1 0.15
-44568620.954820074 -1.4119835209104457 -0.45539625243856463 23.5627024 120.4777084 114.25 0.03513195920832375 -0.2 0.15
-44568562.48524296 -1.4389551610324742 -0.5053742551968162 23.5627021 120.4777085 114.21 0.035395616317430795 -0.17 0.0
-44568509.88934621 -1.4538159668987898 -0.5597399947163954 23.5627018 120.4777084 114.21 0.03601403145087162 -0.13 -0.01
-44568461.139015496 -1.4611249461065163 -0.6056076410752689 23.5627014 120.4777085 114.21 0.03678337707790348 -0.11 0.03
-44568414.51054012 -1.4562439093673432 -0.65264143655384 23.5627012 120.4777085 114.24 0.037402433034481604 -0.07 0.03
-44568367.3998322 -1.4315875059455474 -0.6978080229970994 23.5627011 120.4777086 114.27 0.03777932026299825 0.0 0.04
-44568318.39002663 -1.3927372989254128 -0.7467744810030763 23.562701 120.4777087 114.3 0.03770745652545814 0.05 0.02
-44568268.73878762 -1.3547438685656938 -0.8064659758716417 23.5627011 120.4777087 114.33 0.03746622822615661 0.04 -0.03
-44568220.352363765 -1.322198543071234 -0.8744865050171613 23.562701 120.4777086 114.37 0.03724407065697356 0.01 -0.07
-44568174.30149837 -1.2924985934074573 -0.9454993695748728 23.5627011 120.4777087 114.4 0.0368027390912662 -0.01 -0.09
-44568131.60607878 -1.2702111910843517 -1.015345366685029 23.5627012 120.4777088 114.41 0.036723006544942746 -0.05 -0.09
-44568091.19674809 -1.2404374556825084 -1.0795974840779878 23.5627012 120.4777088 114.41 0.036743949810202695 -0.03 -0.07
-44568052.94620221 -1.20327354788827 -1.1478378494951134 23.5627012 120.4777088 114.41 0.036754773063320346 -0.01 -0.09
-44568016.00811866 -1.1560930063445085 -1.21196653886169 23.5627012 120.4777086 114.43 0.036774039369331386 0.02 -0.08
-44567979.31518088 -1.096595868436044 -1.269409755693542 23.5627012 120.4777084 114.45 0.03675898834798324 0.06 -0.06
-44567944.8180809 -1.047319397722463 -1.3372580725174927 23.5627012 120.4777082 114.47 0.03685363875760033 0.01 -0.11
-44567913.34858213 -1.0075406092861612 -1.406703631700621 23.5627012 120.4777081 114.49 0.03731535598921441 -0.04 -0.12
-44567884.09431888 -0.9690220830899847 -1.464423949596806 23.5627011 120.4777079 114.52 0.03783310779463945 -0.06 -0.08
-44567856.56141791 -0.9233258486418187 -1.5190901695669061 23.5627009 120.4777078 114.55 0.03812107040988267 -0.04 -0.07
-44567830.67895545 -0.8724940202049896 -1.5744757906280484 23.5627007 120.4777076 114.57 0.03838524350645092 -0.03 -0.08
-44567806.93624038 -0.819534199336188 -1.6380852332548677 23.5627004 120.4777073 114.58 0.03841470472600992 -0.03 -0.12
-44567785.76549419 -0.7694329853660096 -1.7092012002584638 23.5627002 120.4777069 114.56 0.03818252701322545 -0.05 -0.16
-44567766.82211136 -0.7273448992842546 -1.7734730745626963 23.5626999 120.4777065 114.53 0.03784569123079007 -0.09 -0.14
-44567749.67942603 -0.6881551097748795 -1.8307219386040645 23.5626995 120.4777059 114.49 0.037565651519789835 -0.11 -0.12
-44567733.39276539 -0.6424586923751414 -1.8688218582266973 23.5626991 120.4777057 114.46 0.03723081310817201 -0.09 -0.05
-44567717.58244076 -0.6017084876819241 -1.894869336520645 23.5626986 120.4777057 114.45 0.03662461106504272 -0.11 -0.01
-44567702.53443208 -0.5652551195164147 -1.9267447100711899 23.562698 120.4777056 114.44 0.03637221829510887 -0.13 -0.04
-44567688.36885603 -0.5204879975767159 -1.9646772006581386 23.5626976 120.4777056 114.43 0.0361914021406601 -0.1 -0.07
-44567674.996623516 -0.47176956733463493 -2.0012427646164164 23.5626972 120.4777058 114.41 0.036346173411885736 -0.09 -0.07
-44567662.612027206 -0.41796934983135303 -2.0457437519473656 23.5626969 120.4777058 114.39 0.03675417801326428 -0.08 -0.11
-44567651.21612978 -0.3519673097173579 -2.093897683397482 23.5626965 120.4777056 114.4 0.03716910683347703 -0.04 -0.13
-44567640.47940316 -0.2681014341353325 -2.132347049998309 23.5626963 120.4777054 114.43 0.03764558380319504 0.02 -0.1
-44567629.96908837 -0.16401089807712066 -2.152650640037575 23.5626964 120.4777054 114.44 0.038196787408624984 0.09 -0.04
-44567619.457645014 -0.046038271461533616 -2.158970095064941 23.5626965 120.4777056 114.46 0.03853078526002375 0.14 0.0
-44567608.93348804 0.07190666864806339 -2.1582352137766994 23.5626965 120.4777057 114.48 0.03840077306455744 0.14 0.01
-44567598.66426112 0.17847594304171246 -2.163065321380129 23.5626966 120.477706 114.5 0.03772799615536538 0.1 -0.03
-44567588.825616784 0.2787388431008956 -2.1715719385267795 23.5626966 120.4777061 114.52 0.03703435920469743 0.08 -0.06
-44567579.380995415 0.38339352526681775 -2.174071542002212 23.5626966 120.4777062 114.53 0.03651654082024515 0.1 -0.05
-44567570.621637 0.49811222818617995 -2.185268083177231 23.5626966 120.4777063 114.54 0.03653633975847421 0.14 -0.1
-44567562.71890248 0.6210139679595479 -2.202135510687407 23.5626967 120.4777061 114.56 0.03670806371451388 0.17 -0.14
-44567555.68158267 0.7323982257484574 -2.22445405236335 23.5626969 120.4777059 114.58 0.03688833475317702 0.12 -0.18
-44567549.364594124 0.813150265928676 -2.251199139861869 23.5626969 120.4777057 114.58 0.03740831695601499 -0.01 -0.22
-44567543.55979672 0.874253296952288 -2.272629816904474 23.5626967 120.4777055 114.57 0.03825574313725661 -0.1 -0.21
-44567538.068623945 0.944650756188274 -2.2742446272725716 23.5626964 120.4777053 114.56 0.03879310662739655 -0.07 -0.14
-44567532.77860234 1.035695562235062 -2.254992458518455 23.5626962 120.4777053 114.55 0.03893214444224471 0.01 -0.07
-44567527.625281066 1.149050274694366 -2.214452418945264 23.5626962 120.4777053 114.56 0.03914280880684838 0.1 0.0
-44567522.54984189 1.260096349741332 -2.162316387566644 23.5626961 120.4777053 114.59 0.03883151856493175 0.1 0.03
-44567517.615316585 1.3423424807555402 -2.129444349895771 23.562696 120.4777053 114.62 0.038036123893487546 0.0 -0.06
-44567512.83198684 1.4001398039128516 -2.1113299385894657 23.5626956 120.4777053 114.64 0.037709724373573915 -0.09 -0.13
-44567508.29453422 1.4673832127281767 -2.098500946606028 23.5626951 120.4777051 114.64 0.037779228716835776 -0.05 -0.16
-44567504.131804235 1.5652043284055923 -2.0830102777113475 23.5626949 120.4777049 114.62 0.0381678546600948 0.07 -0.16
-44567500.28888585 1.6777539385641471 -2.0485724543168113 23.5626949 120.4777048 114.6 0.038204793536652036 0.13 -0.1
-44567496.65620085 1.7755261111459455 -2.0051511745626502 23.5626948 120.4777048 114.57 0.03789079019937488 0.08 -0.08
-44567493.23008257 1.8658612837234485 -1.9656159911639213 23.5626947 120.4777047 114.55 0.03763084070984793 0.06 -0.11
-44567490.03826184 1.9468634166411412 -1.9410313127081347 23.5626945 120.4777044 114.52 0.03738023725127147 0.03 -0.18
-44567486.99948791 2.0069122538334856 -1.9186032496687893 23.5626942 120.477704 114.52 0.03743467392842837 -0.05 -0.2
-44567484.05313225 2.056715241955393 -1.8905514099493566 23.5626938 120.4777036 114.52 0.0377239306735138 -0.09 -0.19
-44567481.2289358 2.1163392190050856 -1.859553473669424 23.5626934 120.4777032 114.55 0.03814290833082132 -0.05 -0.19
-44567478.540562525 2.1882540877815115 -1.8182792403752883 23.5626932 120.4777027 114.6 0.03867319363812653 0.0 -0.16
-44567476.017026804 2.27963624120979 -1.7626085908557374 23.5626931 120.4777024 114.65 0.0392100702691297 0.08 -0.12
-44567473.70255883 2.3931005708535844 -1.6947584237958495 23.5626932 120.4777023 114.66 0.039815810420257426 0.17 -0.09
-44567471.59448241 2.5267765190560167 -1.5963172131366228 23.5626935 120.4777024 114.65 0.040078664419848246 0.26 0.01
-44567469.518155 2.639590752919446 -1.424174035861792 23.562694 120.4777029 114.59 0.03929375594519623 0.11 0.16
-44567467.31333412 2.6848737176965045 -1.256228465452367 23.5626938 120.4777035 114.56 0.03885817098177855 -0.04 0.26
-44567464.928894825 2.71049433307081 -1.082551013613257 23.5626935 120.4777043 114.54 0.03843176976293245 -0.09 0.28
-44567462.46950351 2.7394788042315814 -0.9547405556836911 23.5626932 120.4777049 114.52 0.03810393463274369 -0.05 0.1
-44567460.02355288 2.7758402235480037 -0.8554467660821049 23.562693 120.4777052 114.53 0.03808513437992341 0.0 -0.02
-44567457.65122782 2.821060715095221 -0.7648483900241813 23.5626928 120.4777056 114.53 0.038098009099318264 0.05 -0.06
-44567455.403627776 2.8725860231290454 -0.6931943828939315 23.5626928 120.4777057 114.53 0.037848695609394814 0.09 -0.14
-44567453.244108304 2.9113527739700107 -0.6313332200079189 23.5626927 120.4777057 114.53 0.03752202977337217 0.05 -0.18
-44567451.13494479 2.9398064318754566 -0.5633069141963681 23.5626926 120.4777055 114.55 0.037133245704923434 0.02 -0.16
-44567449.07947208 2.9681055086911248 -0.4933770476032862 23.5626924 120.4777053 114.59 0.03672910684831471 0.03 -0.15
-44567447.14576675 3.016461057197848 -0.42211788445028764 23.5626923 120.4777051 114.63 0.036739181087375776 0.12 -0.15
-44567445.41728029 3.0951466064381283 -0.3508621429418713 23.5626924 120.4777048 114.65 0.037002946387402105 0.25 -0.16
-44567443.86660394 3.171208212211097 -0.27597908892424655 23.5626926 120.4777045 114.66 0.03722099686284154 0.25 -0.16
-44567442.413457006 3.218732459600848 -0.19548044156220304 23.5626927 120.4777043 114.66 0.03713836396764343 0.15 -0.15
-44567441.0176136 3.248784933539026 -0.1073402548649041 23.5626928 120.4777041 114.64 0.03684863700817803 0.09 -0.12
-44567439.647364594 3.2626178306536127 -0.010929083629518669 23.5626927 120.4777039 114.61 0.03653988925286458 0.04 -0.09
-44567438.25947025 3.2530010957116584 0.07853099641863606 23.5626925 120.4777039 114.56 0.03663049082538691 -0.04 -0.12
-44567436.82918951 3.229933856471502 0.16196857587264663 23.5626922 120.4777038 114.5 0.03725866394750935 -0.08 -0.15
-44567435.34852605 3.2011012627076525 0.2575420898578166 23.5626918 120.4777039 114.46 0.03816141730039737 -0.09 -0.11
-44567433.82751658 3.1733882441738452 0.36473448810226106 23.5626913 120.477704 114.45 0.03900529814843782 -0.07 -0.07
-44567432.31140289 3.1615076792311934 0.46987034450666143 23.562691 120.4777042 114.46 0.039494583258523425 0.01 -0.08
-44567430.848281436 3.1681771152615004 0.5671637488773661 23.562691 120.4777043 114.5 0.03956280595551069 0.1 -0.11
-44567429.42332959 3.16606604174816 0.6646604156670842 23.562691 120.4777043 114.55 0.039606781403010625 0.08 -0.11
-44567427.9980786 3.1419916019156324 0.7687223009275482 23.562691 120.4777043 114.59 0.039990393113279725 0.01 -0.09
-44567426.57922441 3.1181868305223457 0.8691902165680718 23.5626909 120.4777042 114.63 0.04077327924997896 0.03 -0.11
-44567425.19208248 3.1071743686518376 0.9538911504405941 23.5626908 120.4777041 114.68 0.04175891516941728 0.1 -0.18
-44567423.80422669 3.0816092212458113 1.0259744413639484 23.5626909 120.4777038 114.73 0.042599812444799004 0.06 -0.24
-44567422.37212014 3.034691587803633 1.092321765600884 23.5626908 120.4777034 114.76 0.04330724373767573 -0.01 -0.27
-44567420.880135305 2.9819794997753957 1.1502747366242243 23.5626906 120.4777029 114.77 0.04370006832084082 -0.02 -0.3
-44567419.340490885 2.931683163084386 1.2146796953474386 23.5626905 120.4777024 114.75 0.04372549734806187 0.0 -0.26
-44567417.791170314 2.884199141017901 1.3111779334308682 23.5626905 120.4777022 114.71 0.043248117400286765 0.02 -0.12
-44567416.23109648 2.8233494323472934 1.4287751228792906 23.5626904 120.477702 114.67 0.04253417384630696 -0.02 -0.02
-44567414.66494889 2.755895939583977 1.5519933877908518 23.5626902 120.4777022 114.64 0.041825906154400384 -0.03 0.02
-44567413.10409612 2.692573409325872 1.664436068790146 23.56269 120.4777025 114.63 0.04080077222704482 0.0 0.0
-44567411.513381295 2.626387380749211 1.7439018992425341 23.5626899 120.4777027 114.64 0.039764835852517624 0.0 -0.11
-44567409.83243703 2.5427934939218124 1.8024847773826238 23.5626897 120.4777029 114.65 0.039368907022206905 -0.06 -0.18
-44567408.067182675 2.461007572229812 1.860636818816831 23.5626894 120.4777027 114.68 0.0397655723830066 -0.04 -0.17
-44567406.267990485 2.3964392962316454 1.9214424249040178 23.5626892 120.4777027 114.71 0.040148393467327084 0.04 -0.15
-44567404.52499666 2.365647702615482 1.984686000559622 23.5626889 120.4777027 114.78 0.03965026583018457 0.1 -0.07
-44567402.823366 2.2935179062116813 2.091213654075235 23.5626888 120.4777028 114.8 0.038813517260438496 0.02 0.06
-44567401.12830635 2.2038469058875507 2.19109498970704 23.5626885 120.4777034 114.8 0.03808874629215183 -0.04 0.05
-44567399.385167204 2.1208894374014666 2.246516165559838 23.5626882 120.4777035 114.8 0.03786119166057217 0.0 -0.11
-44567397.58136368 2.0461721424348913 2.283712037707932 23.5626881 120.4777034 114.8 0.03774875632830039 0.04 -0.17
-44567395.72273062 1.9679182621068916 2.325361576637897 23.562688 120.4777033 114.81 0.037571660276999326 0.03 -0.14
-44567393.80357956 1.8932119452895042 2.358810515176103 23.5626879 120.4777031 114.82 0.037566654366387814 0.05 -0.16
-44567391.78432514 1.8059646365857769 2.385685748185347 23.5626877 120.4777029 114.8 0.038051570227810014 0.01 -0.18
-44567389.59434835 1.6937173611996124 2.407452008519348 23.5626875 120.4777026 114.79 0.038591376336012256 -0.08 -0.19
-44567387.17717927 1.572222915499525 2.4201478230048967 23.5626871 120.4777023 114.8 0.03889491428244324 -0.11 -0.21
-44567384.53146644 1.4606364505639724 2.428332559424316 23.5626868 120.477702 114.81 0.03882679561518606 -0.07 -0.21
-44567381.71043046 1.3588033837172246 2.4447665153139155 23.5626865 120.4777018 114.83 0.03882553477485747 -0.03 -0.16
-44567378.88673509 1.284340188358674 2.4821505751944137 23.5626865 120.4777018 114.87 0.03888888055809853 0.08 -0.06
-44567376.15374713 1.2250364980459296 2.5294311804639156 23.5626865 120.477702 114.91 0.038724143238731114 0.15 -0.01
-44567373.57068797 1.1804282461400804 2.5814852406941804 23.5626868 120.477702 114.94 0.03840721458544407 0.21 0.02
-44567371.16966175 1.1528926274500908 2.633562609507888 23.5626871 120.4777022 114.96 0.037767340199282094 0.28 0.03
-44567368.89479337 1.1185596547477972 2.6761775269679298 23.5626876 120.4777024 114.97 0.03696347750780929 0.25 0.0
-44567366.657757245 1.0579282770624063 2.707226533392289 23.5626878 120.4777025 114.96 0.036750283140170044 0.15 -0.04
-44567364.40807713 0.9724765900519896 2.7339265767396155 23.5626878 120.4777027 114.95 0.03715042309395444 0.06 -0.05
-44567362.166649915 0.8815518896055522 2.7657143502754944 23.5626878 120.4777029 114.92 0.037839216420389815 0.05 -0.02
-44567359.972979926 0.7972744236971614 2.802238957104275 23.562688 120.4777032 114.88 0.03859918272695755 0.09 0.01
-44567357.85071525 0.7184993697755865 2.8406691863931464 23.5626882 120.4777037 114.85 0.03880536132960012 0.12 0.03
-44567355.708501555 0.6249289370592227 2.8554325483770575 23.5626884 120.477704 114.83 0.03833992815602754 0.06 -0.05
-44567353.423738286 0.5122456317228444 2.8399608599327015 23.5626883 120.4777041 114.82 0.03764191363431777 -0.02 -0.15
-44567350.88719026 0.38659938082346657 2.801289645433526 23.5626882 120.4777042 114.83 0.037173771526573876 -0.08 -0.23
-44567347.94664383 0.2678342235032337 2.7335654702199665 23.5626879 120.4777039 114.84 0.03707076128784745 -0.06 -0.33
-44567344.47679773 0.15602860751730185 2.6535593621677735 23.5626877 120.4777034 114.87 0.03724355883070156 -0.04 -0.36
-44567340.55450875 0.04931400087563673 2.5943729922458534 23.5626874 120.4777031 114.89 0.037388384859731436 -0.03 -0.26
-44567336.30215337 -0.05543973514047228 2.5539400555188836 23.5626872 120.477703 114.9 0.03750122382735593 -0.03 -0.17
-44567331.65532102 -0.15655883138810747 2.5059611285200973 23.5626871 120.4777029 114.91 0.037596693991246065 -0.02 -0.18
-44567326.47150996 -0.2428310505637084 2.444626811475867 23.562687 120.4777029 114.93 0.0374453432175455 0.03 -0.22
-44567320.575848766 -0.325938074297282 2.3724182952900037 23.562687 120.4777028 114.96 0.037098104462101995 0.03 -0.25
-44567313.85418573 -0.4084532486910592 2.29768813817209 23.5626868 120.4777027 114.99 0.03689549199860661 0.02 -0.25
-44567306.12172673 -0.48552482688872833 2.217724306789845 23.5626868 120.4777024 115.01 0.036803796033323816 0.03 -0.26
-44567297.33217754 -0.5573349126347895 2.14232203832894 23.5626868 120.4777021 115.01 0.03688857610215081 0.04 -0.23
-44567287.55745225 -0.6319399803413066 2.074235825669951 23.5626867 120.477702 115.0 0.0371524121423936 0.02 -0.19
-44567276.82718841 -0.7119475402616334 2.0078538311643093 23.5626865 120.4777018 114.96 0.03735905679822694 -0.01 -0.17
-44567265.37330878 -0.7875805949887866 1.9512222827159038 23.5626862 120.4777015 114.92 0.037668611824245815 0.0 -0.12
-44567253.44834664 -0.8339192564422347 1.9113419907685845 23.5626861 120.4777014 114.89 0.03789332852478886 0.11 -0.04
-44567241.05873139 -0.8688805458660998 1.87473488666691 23.5626861 120.4777014 114.88 0.03790405190936563 0.15 -0.02
-44567228.0890798 -0.9096393973033188 1.8318377167103908 23.562686 120.4777012 114.89 0.03781211875629826 0.12 -0.04
-44567214.52121714 -0.9512612274160387 1.7876062919029885 23.5626859 120.4777011 114.92 0.0376748660916183 0.11 -0.04
-44567199.035279416 -0.9544804641410768 1.7207524373070666 23.5626861 120.4777011 114.99 0.03710627703769718 0.14 -0.07
-44567183.37847266 -1.0105999050662338 1.6829556903570324 23.5626861 120.4777011 115.03 0.036976984727963035 0.03 -0.01
-44567167.94349118 -1.0780162310027541 1.6480342964630952 23.562686 120.4777012 115.05 0.03705543978920109 -0.02 0.01
-44567151.73776298 -1.1343687875440023 1.5878061598963078 23.5626858 120.4777011 115.07 0.03724025068528498 0.02 -0.08
-44567133.86288415 -1.168577765997926 1.5153472238089982 23.5626858 120.477701 115.08 0.03734196679416919 0.1 -0.12
-44567114.9300336 -1.202468423652419 1.4592194180809357 23.5626858 120.4777009 115.08 0.03728340637851187 0.09 -0.05
-44567096.07748994 -1.246748122677003 1.4219820264083136 23.5626858 120.4777009 115.07 0.03727389389999324 0.04 0.03
-44567077.76938322 -1.299563307518475 1.3880365440046118 23.5626857 120.4777011 115.06 0.037141967557493445 0.0 0.05
-44567059.83535324 -1.3586989908292326 1.3424311058751301 23.5626855 120.4777012 115.04 0.03706490233344927 -0.03 0.01
-44567042.35772886 -1.4161269137430936 1.2970164843609904 23.5626853 120.4777014 115.01 0.03713966225867485 -0.03 0.02
-44567025.318129174 -1.4742090950748574 1.2470824242687566 23.5626851 120.4777017 114.98 0.037034767001239345 -0.04 0.01
-44567008.40261646 -1.5300566892226035 1.1853777445326115 23.5626848 120.477702 114.94 0.036776881461557206 -0.04 -0.03
-44566991.16531743 -1.5782907775620827 1.1118627775082908 23.5626847 120.4777022 114.9 0.036392886921881404 -0.02 -0.07
-44566973.60793561 -1.6189466967036659 1.041548058619855 23.5626846 120.4777025 114.85 0.03656561372451906 0.0 -0.05
-44566955.5135995 -1.6477167244009725 0.9737349063300882 23.5626846 120.4777026 114.82 0.037244449325191054 0.04 -0.03
-44566935.89594565 -1.6498839782842074 0.90556635609611 23.5626847 120.4777028 114.8 0.03832400328494671 0.14 -0.02
-44566914.42996258 -1.6860543178675897 0.7747107305971408 23.5626853 120.4777031 114.74 0.03994226479895495 0.0 -0.13
