36652279.61564 -0.0007700695680998848 0.0007225226773064364 23.5626643 120.47768 104.12 0.03256738293225328 0.09 -0.13
36652279.615640305 0.1048174428214952 0.01793743208645876 23.5626648 120.4776798 104.24 0.032572334747405146 0.13 -0.23
37074422.22359118 0.02013299080486075 -0.13164846907005506 23.5626651 120.4776792 104.28 0.0327267502369539 0.11 -0.32
76703003.62607116 0.12292434965931821 -0.18769304942323584 23.5626655 120.4776785 104.28 0.032931653435105686 0.02 -0.27
94890472.51687829 0.15220206739984185 -0.22068055800647718 23.5626655 120.4776776 104.27 0.03343659085837931 -0.07 -0.16
104800410.8913594 0.16005264798016136 -0.2670325969718036 23.5626655 120.4776773 104.31 0.03336379917564688 -0.07 -0.17
111925603.2948533 0.16865550081764702 -0.3070154514445038 23.5626655 120.4776769 104.35 0.033268493378730266 -0.07 -0.2
117017625.85224442 0.1715407066163786 -0.3521701036411203 23.5626655 120.4776765 104.39 0.03326799819721508 -0.08 -0.22
121036949.6264761 0.17024930982971068 -0.3937907642237259 23.5626655 120.4776762 104.43 0.033341297545030305 -0.09 -0.2
124420623.79709509 0.15909201925737096 -0.42739479498362454 23.5626656 120.4776759 104.46 0.03351832077552031 -0.13 -0.17
127644271.11842467 0.141405170079926 -0.4557871834819918 23.5626655 120.4776755 104.49 0.03382206262022226 -0.16 -0.15
130925084.7082982 0.11953211486007183 -0.4694167611848141 23.5626653 120.4776753 104.52 0.034232634675339206 -0.18 -0.09
134620893.52126187 0.09446580240564843 -0.4673295388809478 23.5626653 120.4776753 104.53 0.0347201179904998 -0.2 -0.03
139149027.02160105 0.0660151574740515 -0.4536000436107493 23.5626651 120.4776753 104.53 0.03515970185674181 -0.22 0.01
145961385.10809657 0.04577558470110087 -0.4100254518616469 23.5626649 120.4776755 104.54 0.035500869437137775 -0.21 0.11
159084222.4695311 0.04145775956948926 -0.3218596829236314 23.5626646 120.4776761 104.53 0.03548251027037304 -0.21 0.23
180165353.87228394 0.06878786622351585 -0.20432352358528955 23.5626643 120.4776766 104.53 0.035339444424376136 -0.18 0.22
181331241.9371338 0.10261657812223418 -0.07897614737397556 23.562664 120.477677 104.56 0.035113845551722006 -0.1 0.12
106253834.53983957 0.014668362005333377 -0.04137475634652864 23.5626638 120.4776772 104.57 0.034900547154352674 -0.04 0.08
105983967.54254936 0.012033533675224731 -0.006084942445904289 23.5626635 120.4776773 104.57 0.03477961467372786 -0.04 0.09
88113125.69029444 -0.01794855516172539 0.012887796503813404 23.562663 120.4776773 104.56 0.03486780691770151 -0.03 0.1
150363735.96727258 0.00135039538123434 0.05535372776842854 23.5626629 120.4776777 104.54 0.03504520673581442 0.0 0.16
156610223.35581234 0.003907304798664456 0.10397443431532523 23.5626629 120.4776782 104.54 0.03524246790999443 0.01 0.19
158202096.89104012 0.00580131705221169 0.14735584723870196 23.562663 120.4776788 104.54 0.03540959375196451 0.02 0.17
158778730.14466143 0.008344743529625614 0.19050958743864774 23.5626632 120.4776793 104.55 0.035346751472617045 0.03 0.17
158902068.4262274 -0.029918925536241835 0.28563840591228246 23.5626633 120.4776807 104.59 0.03513270406119113 -0.08 0.24
158980255.07684624 -0.06261657040231797 0.31730955021873014 23.5626633 120.4776813 104.61 0.03525433146041289 -0.09 0.13
159066270.9181115 -0.0840758099643732 0.3048609588629272 23.5626632 120.4776813 104.63 0.03544766031079583 -0.04 -0.04
159165209.04564363 -0.10250045414043049 0.2892402918112682 23.5626633 120.4776813 104.65 0.03567171954344476 -0.03 -0.05
159243590.08243892 -0.12555183400780287 0.30076748901132383 23.5626632 120.4776813 104.64 0.03597015587191257 -0.05 0.06
159288025.58855578 -0.15655394497840414 0.3415330769826657 23.5626632 120.4776816 104.63 0.0361771875183418 -0.08 0.18
159320757.64122453 -0.17905843978309274 0.3636109312503975 23.5626632 120.4776821 104.64 0.03635799951160137 -0.04 0.11
159354069.05807573 -0.1872200214784026 0.3571024552925898 23.5626633 120.4776822 104.66 0.03637667492874555 0.02 0.0
159387650.10851577 -0.197619636816201 0.35032447355649177 23.5626634 120.4776821 104.67 0.03623245227215015 0.01 0.0
159412775.7176617 -0.2304224001396145 0.36597730157116315 23.5626635 120.4776823 104.67 0.03593209347427045 -0.08 0.09
159428865.18503836 -0.29418261172216686 0.38562977450318187 23.5626632 120.4776825 104.69 0.035720551098744883 -0.2 0.11
159440963.80393338 -0.3584334835576728 0.37518785282978634 23.5626627 120.4776826 104.74 0.0355025755247111 -0.2 0.0
159450720.14773992 -0.40957999420853397 0.3701743131650802 23.5626622 120.4776825 104.77 0.03517026295493965 -0.15 0.03
159456821.7653303 -0.46100471149868194 0.4022518614663356 23.5626617 120.4776826 104.78 0.03471018523187165 -0.15 0.18
159461419.9277981 -0.5102992745325374 0.42431156876995124 23.5626613 120.4776829 104.79 0.03448256818245394 -0.14 0.15
159465549.20597282 -0.5454655519565834 0.41178955142169243 23.5626611 120.4776831 104.79 0.03458070566862336 -0.08 0.02
159469530.68913013 -0.5673957263411669 0.392844908393408 23.5626611 120.4776831 104.77 0.03473285331005635 -0.03 0.0
159473332.29333624 -0.5887451191719735 0.37562092364194205 23.5626613 120.4776832 104.75 0.03485622840874347 -0.03 0.01
159476012.64084876 -0.6170791361304772 0.3626449014009212 23.5626613 120.4776834 104.74 0.03495432220242626 -0.06 0.03
159478444.49549025 -0.6524135304630145 0.3510161069498779 23.5626616 120.4776836 104.74 0.03512193074234392 -0.09 0.04
159480605.52982315 -0.6952536512770393 0.3355845552659632 23.5626616 120.4776838 104.76 0.03531937084765967 -0.12 0.03
159482479.009945 -0.7472707165039165 0.3134139613709273 23.5626618 120.4776842 104.78 0.035494561074305646 -0.16 0.01
159484042.89292866 -0.811570708811063 0.28173167063051646 23.5626618 120.4776845 104.82 0.03562602968599309 -0.21 -0.02
159485315.56508327 -0.8819633324312784 0.2402081803845354 23.5626615 120.4776847 104.86 0.03567474056680632 -0.24 -0.05
159486306.5432839 -0.9563726567144812 0.20620208182575545 23.562661 120.4776846 104.89 0.035686495926305496 -0.26 -0.01
159486342.33054614 -1.0296637051103417 0.1975161878636007 23.5626605 120.4776847 104.9 0.03560436653500098 -0.26 0.1
159486368.12365407 -1.0871981813365197 0.18857200785801934 23.5626601 120.4776847 104.9 0.03565688906512438 -0.2 0.11
159486389.07985625 -1.132347972769441 0.16251811376816983 23.5626595 120.4776846 104.91 0.035740737027569844 -0.15 0.05
159486405.2785673 -1.178945038776542 0.1447860977889512 23.5626593 120.4776847 104.91 0.035907950254513196 -0.16 0.09
159486418.74751228 -1.2119259625882461 0.11995476959486283 23.5626591 120.4776849 104.89 0.03604740418828167 -0.11 0.07
159486430.89296234 -1.2340472929744786 0.08376089155690608 23.5626589 120.4776851 104.88 0.03615386821404679 -0.07 0.03
159486442.1491152 -1.244662348288864 0.04923743790914616 23.5626588 120.4776855 104.87 0.036171386820592476 -0.03 0.04
159486452.86252788 -1.2438758904304428 0.017218310401133672 23.5626588 120.4776856 104.86 0.036006320767278 0.01 0.05
159486463.15465435 -1.2394647452859964 -0.014461279826962619 23.5626587 120.4776858 104.87 0.0355649434284894 0.02 0.05
159486473.60352242 -1.2263670538728395 -0.05037553410374753 23.5626585 120.4776859 104.91 0.03507044018714292 0.05 0.03
159486485.4120305 -1.1968806616853693 -0.09292134090459739 23.5626584 120.4776861 104.95 0.03469255843440669 0.11 0.0
159486498.84944174 -1.1660614327523473 -0.13424971726293053 23.5626585 120.4776861 104.98 0.03453007647958743 0.11 0.0
159486512.46810883 -1.1512624102776146 -0.16699805698906675 23.5626588 120.4776862 104.98 0.03461429270727739 0.04 0.03
159486526.69755623 -1.1428966509640273 -0.2148721688071741 23.562659 120.4776862 104.98 0.03502683508548207 0.01 -0.03
159486542.74558195 -1.124990724173759 -0.2735398985264084 23.5626594 120.4776861 104.98 0.03564143856961272 0.04 -0.07
159486559.46378386 -1.1071281218163054 -0.3141123204311276 23.5626595 120.477686 104.99 0.03606467728466436 0.03 0.0
159486574.6674365 -1.0921861210973087 -0.322730809358285 23.5626596 120.4776863 105.0 0.03637301724343589 0.01 0.09
159486588.4474175 -1.0805150229143063 -0.33960305816911657 23.5626597 120.4776866 105.02 0.036163572107268775 0.0 0.09
159486600.12445727 -1.0759582057829993 -0.35548055532285927 23.5626597 120.4776869 105.04 0.035767231319226926 -0.03 0.09
159486610.0335163 -1.0785580966456514 -0.3832710186870205 23.5626598 120.4776871 105.03 0.03519039478830497 -0.06 0.04
159486618.66780728 -1.089117434521801 -0.42577211276222415 23.5626597 120.4776871 105.0 0.03450508021604352 -0.09 -0.02
159486626.0121735 -1.1076753049240413 -0.4751152811560946 23.5626596 120.477687 104.97 0.03368691759787375 -0.13 -0.05
159486631.79731947 -1.135198685813578 -0.5242843642995304 23.5626592 120.4776869 104.94 0.03292726962228006 -0.17 -0.05
159486636.1144676 -1.1680304157110528 -0.5734472760381704 23.5626589 120.4776867 104.92 0.032343013691008705 -0.2 -0.05
159486639.163455 -1.205724341347864 -0.6237775470381791 23.5626585 120.4776866 104.94 0.03216634208100637 -0.22 -0.05
159486641.37266386 -1.2431061318605077 -0.6828135380305675 23.562658 120.4776867 104.98 0.03235674353478483 -0.23 -0.08
159486643.27192086 -1.2690515171663188 -0.7593833294768965 23.5626576 120.4776866 105.01 0.03290063593078466 -0.19 -0.14
159486645.12404883 -1.2787612051901345 -0.8475989356989364 23.5626573 120.4776863 105.01 0.033727474628443214 -0.14 -0.18
159486646.9303341 -1.2776518922199758 -0.9355740951170807 23.562657 120.477686 105.0 0.034646737499495116 -0.11 -0.17
159486648.48013562 -1.2725874212190986 -0.9911083416926879 23.5626568 120.4776857 104.98 0.03546403875149982 -0.11 -0.04
159486649.70459667 -1.259908632195011 -1.0189971117918153 23.5626566 120.4776857 104.99 0.03593099075913158 -0.09 0.07
159486650.9091261 -1.2203711344495065 -1.0569436999356012 23.5626564 120.4776856 105.01 0.03626655321767077 0.01 0.03
159486652.33703113 -1.158838628435051 -1.0988175578882815 23.5626565 120.4776855 105.05 0.03641087158161785 0.09 0.01
159486653.85025334 -1.1036222284367965 -1.123425504765057 23.5626566 120.4776854 105.07 0.03647466261210365 0.06 0.07
159486655.260952 -1.0598766680590284 -1.1386168886495847 23.5626568 120.4776857 105.07 0.03668759066363389 0.01 0.1
159486656.48322582 -1.0133956305722769 -1.1385739436636397 23.5626575 120.4776864 105.07 0.03734257848898207 0.01 0.1
159486657.59858215 -0.967711056449118 -1.1565229424328904 23.562658 120.4776868 105.06 0.03788046628896162 0.01 0.08
159486658.5824146 -0.9234807042281131 -1.1758497447709582 23.5626581 120.4776871 105.04 0.03824424993267724 0.0 0.07
159486659.3079827 -0.888659561945381 -1.1984159113421051 23.5626581 120.4776872 105.01 0.03836546537416788 -0.04 0.05
159486659.75820398 -0.8555814951238098 -1.2222005991257527 23.5626581 120.4776873 105.01 0.03821385244554751 -0.05 0.04
159486659.87305054 -0.824615495161666 -1.2418403896152606 23.5626579 120.4776873 105.02 0.037842175025913326 -0.06 0.05
159486659.72426206 -0.7882782230731608 -1.2600344921555018 23.5626578 120.4776873 105.03 0.037416585238961846 -0.04 0.05
159486659.3805755 -0.7466702057424157 -1.2766228033427582 23.5626577 120.4776873 105.05 0.03701898361059142 -0.02 0.05
159486658.9928241 -0.6948873054555667 -1.2912838473078072 23.5626576 120.4776873 105.08 0.03659471292061738 0.02 0.05
159486658.8360079 -0.6279759055089722 -1.3037174725863243 23.5626575 120.4776872 105.1 0.03612212250161521 0.08 0.05
159486659.21342057 -0.548644840928414 -1.3108930393655485 23.5626574 120.4776871 105.12 0.035610475160751345 0.13 0.06
159486660.47852296 -0.46114691697505644 -1.3149159621596054 23.5626576 120.4776872 105.12 0.03541010557823651 0.16 0.06
159486663.13081396 -0.36431494316227625 -1.3187909923051415 23.5626579 120.4776873 105.12 0.035553716540019036 0.2 0.05
159486667.41408917 -0.2689731896963354 -1.3166617545731358 23.5626582 120.4776873 105.1 0.03583449278150825 0.19 0.06
159486673.7185805 -0.17582372186424747 -1.30112465704722 23.5626584 120.4776874 105.08 0.036196249926081885 0.18 0.1
159486682.9081166 -0.08420105815016055 -1.2685240752395932 23.5626588 120.4776878 105.04 0.03644071563058355 0.17 0.15
159486695.54186365 -0.004989669930992672 -1.2284178467448343 23.562659 120.4776882 105.04 0.03641792063612815 0.13 0.17
159486711.04712313 0.06220116777856366 -1.200922286312424 23.562659 120.4776886 105.06 0.0362632575558218 0.09 0.11
159486729.5728908 0.13622124691897353 -1.1808924897370106 23.5626591 120.4776888 105.09 0.03626390670133751 0.12 0.07
159486751.714428 0.21216634180181587 -1.1556201918640197 23.5626593 120.477689 105.11 0.036348536967353184 0.13 0.08
159486778.2911652 0.27963284846511327 -1.1199705312332249 23.5626593 120.4776893 105.13 0.03641447517146786 0.1 0.11
159486807.56322867 0.34598453656530254 -1.0969875204591186 23.5626595 120.4776897 105.14 0.03635723385278797 0.1 0.05
159486835.32176122 0.4153310485366751 -1.0995791536776625 23.5626598 120.47769 105.13 0.03731038752930574 0.11 -0.06
159486859.66689223 0.4895039173043024 -1.1144521810472758 23.5626602 120.47769 105.12 0.03746991920097989 0.13 -0.12
159486880.68922594 0.5528911057206594 -1.128820231330379 23.5626606 120.4776899 105.1 0.03677054397040066 0.09 -0.13
159486898.74850047 0.5905616587439186 -1.1423228613926286 23.5626608 120.4776898 105.09 0.03563433125845357 -0.01 -0.13
159486914.38483578 0.606934270426279 -1.1527380105513758 23.5626609 120.4776896 105.08 0.03457809868358753 -0.09 -0.12
159486928.55491534 0.6073275556950612 -1.1502165177051926 23.5626606 120.4776894 105.09 0.03388843358801408 -0.15 -0.07
159486941.32078412 0.6156488456511757 -1.1475101820026943 23.5626601 120.4776893 105.1 0.03375265398431207 -0.12 -0.07
159486952.38518238 0.6471085838219356 -1.154594593870318 23.5626599 120.4776892 105.1 0.03408702634273913 -0.03 -0.11
159486962.23387086 0.6845996638360147 -1.1552780592958736 23.5626599 120.4776891 105.11 0.03469774119555934 -0.01 -0.09
159486971.93797776 0.7253713140549185 -1.1336423970113927 23.5626599 120.4776891 105.12 0.03529163652162001 0.0 -0.01
159486981.14813313 0.7648324426229441 -1.1185801102216295 23.56266 120.4776892 105.15 0.034809152875287123 0.0 -0.04
159486989.07512632 0.8082962008669993 -1.1230525630056531 23.56266 120.4776891 105.18 0.03428295593637409 0.02 -0.12
159486995.88437125 0.8671320565730944 -1.1279462092202561 23.56266 120.4776889 105.2 0.0344495949192074 0.08 -0.13
159487001.94578233 0.9289005820644508 -1.123521351411107 23.5626603 120.4776886 105.2 0.03445404739165488 0.09 -0.1
159487007.658301 0.9749347725311555 -1.1039915634755006 23.5626604 120.4776885 105.19 0.034358606356089165 0.03 -0.05
159487013.35609177 1.0086159339008873 -1.069693927021077 23.5626604 120.4776886 105.16 0.035179417571186804 -0.02 0.0
159487019.3155454 1.0462188407991189 -1.0241239274737883 23.5626604 120.4776887 105.12 0.035152960730232545 0.0 0.04
159487025.5466957 1.0815807894040108 -0.9778706227689452 23.5626604 120.477689 105.1 0.03452897584504318 0.0 0.04
159487031.33973506 1.1150612285131845 -0.956076750999566 23.5626603 120.4776891 105.09 0.034238108719736086 0.0 -0.06
159487036.38842535 1.157666660283895 -0.9458864476219043 23.5626602 120.4776889 105.11 0.034013350407301 0.04 -0.11
159487040.7096708 1.208061234153946 -0.9364932806756436 23.5626601 120.4776888 105.13 0.034464716680772 0.07 -0.12
159487044.83668283 1.2532582826579526 -0.9020812166614148 23.5626602 120.4776888 105.15 0.034763718930971445 0.05 -0.03
159487049.05025238 1.2851402848412359 -0.8527189354799918 23.5626602 120.4776891 105.17 0.0353427192802791 0.0 0.02
159487053.35020283 1.315484181009088 -0.8019249662826954 23.5626602 120.4776895 105.18 0.035584875524772956 0.0 0.02
159487057.79958218 1.34180815108138 -0.747005788524678 23.5626603 120.4776898 105.2 0.03598005117983789 -0.01 0.03
159487062.36829412 1.3714246957723644 -0.6907581854837282 23.5626602 120.4776902 105.21 0.0362563374981768 0.01 0.03
159487066.88508505 1.4143243415534232 -0.635489078221836 23.5626603 120.4776905 105.22 0.03663515967967296 0.07 0.02
159487071.16130412 1.4656256351754797 -0.5830760784482406 23.5626605 120.4776908 105.23 0.03705868551677963 0.11 0.0
159487075.14750153 1.5207931929068284 -0.5274550626180854 23.5626608 120.477691 105.25 0.03795035762281938 0.13 0.0
159487079.05518094 1.5731927698535724 -0.4495465184862894 23.5626614 120.4776918 105.28 0.04113449127876697 0.08 0.11
159487083.02999833 1.6137978263945354 -0.3577772871365751 23.5626616 120.4776921 105.3 0.0431761829225302 0.08 0.09
159487086.91729936 1.653174740469272 -0.26937746457991846 23.5626617 120.4776924 105.33 0.04518975324965788 0.09 0.06
159487090.60404643 1.6837774420764442 -0.1919759223982602 23.5626618 120.4776925 105.36 0.04681994073192263 0.07 0.0
159487093.96846786 1.7134935358625516 -0.1238949613406048 23.5626619 120.4776925 105.4 0.04804043000880312 0.08 -0.05
159487096.94076836 1.75776242763799 -0.045358144401276355 23.5626621 120.4776926 105.42 0.048808502311938784 0.15 -0.02
159487099.46916512 1.8133334938440144 0.03869480661762907 23.5626625 120.4776926 105.42 0.04926307894288009 0.21 -0.01
159487101.5895659 1.8749882998352136 0.13252486976705075 23.5626629 120.4776927 105.41 0.048940903030007754 0.25 0.02
159487103.30910072 1.9368556555671246 0.2137039452155905 23.5626634 120.4776928 105.39 0.04733374356879378 0.27 -0.03
159487104.7149056 1.979829860701004 0.2693236216291551 23.5626639 120.4776927 105.38 0.04418065654549164 0.21 -0.12
159487104.4395214 2.504555697002544 -0.5465229507397764 23.5626696 120.4776774 105.29 0.03833973258013499 0.06 -0.1
159487104.1604837 2.5381287266358874 -0.47328355859168 23.5626695 120.4776776 105.19 0.038319800483851425 0.05 -0.09
159487103.86223656 2.5957960518196397 -0.46521441509350825 23.5626696 120.4776779 104.9 0.038251452951188064 0.04 -0.09
159487103.5604171 2.6241141510068977 -0.3895962213630906 23.5626698 120.4776779 104.85 0.03825197726102767 0.04 -0.09
