400 266
400 266
400 285
400 266
400 247
400 247
400 247
400 247
400 247
400 247
400 247
400 247
400 266
400 285
400 266
400 266
400 280
400 280
400 280
400 280
400 280
400 280
400 280
400 280
400 280
400 280
400 280
400 280
400 280
400 280
400 280
400 280
400 280
400 266
400 247
400 266
400 247
400 247
400 266
400 247
400 247
400 247
400 247
400 247
400 266
400 247
400 260
400 280
400 280
400 280
400 280
400 280
400 280
400 280
400 280
400 280
400 280
400 280
400 280
400 280
400 280
400 280
400 280
400 280
400 266
400 266
400 247
400 247
400 247
400 247
400 247
400 247
400 266
400 247
