350 345
350 322
350 322
350 322
350 322
350 345
350 322
350 322
350 322
350 299
350 322
350 322
350 322
350 322
350 345
350 322
350 322
350 345
350 345
350 345
350 330
350 345
350 330
350 345
350 345
350 330
350 345
350 345
350 345
350 345
350 322
350 345
350 322
350 322
350 345
350 322
350 322
350 322
350 322
350 299
350 322
350 322
350 322
350 345
350 322
350 345
350 322
350 322
350 322
350 345
350 322
350 345
350 345
350 322
350 322
350 322
350 322
350 345
350 345
350 322
350 322
350 345
350 322
350 322
350 299
350 322
350 322
350 345
350 322
350 322
350 322
350 322
350 322
350 322
350 345
350 322
