50 14544
50 13872
50 14688
50 13400
50 14645
50 14688
50 14892
50 14626
50 14872
50 14729
50 14910
50 13728
50 14892
50 14645
50 14645
50 14688
50 14626
50 14626
50 14523
50 14664
50 14664
50 14664
50 13545
50 14700
50 14560
50 14523
50 14523
50 14664
50 13104
50 14523
50 14523
50 14626
50 13390
50 14626
50 14626
50 14484
50 13566
50 14832
50 14645
50 14746
50 14948
50 14847
50 13400
50 14800
50 14800
50 14900
50 14900
50 13426
50 14900
50 14800
50 13464
50 14800
50 14800
50 14800
50 13464
50 14847
50 14935
50 14935
50 14688
50 14688
50 14688
50 14544
50 14688
50 14688
50 14688
50 14688
50 13260
50 14688
50 14688
50 14544
50 14688
50 13596
50 14688
50 14688
50 14688
50 13635
50 14790
50 14892
50 14800
50 13563
50 14948
50 14700
50 14847
50 13365
50 14847
50 14847
50 14847
50 14994
50 13400
50 14847
50 14645
50 14746
50 13534
50 14746
50 14544
50 14832
50 14768
50 13728
50 14523
50 14420
