150 1419
150 1408
150 1376
150 1376
150 1452
150 1408
150 1408
150 1408
150 1408
150 1408
150 1408
150 1408
150 1408
150 1395
150 1395
150 1551
150 1564
150 1485
150 1564
150 1564
150 1564
150 1518
150 1530
150 1518
150 1504
150 1504
150 1426
150 1440
150 1364
150 1408
150 1408
150 1408
150 1408
150 1452
150 1408
150 1408
150 1408
150 1452
150 1376
150 1419
150 1408
150 1376
150 1408
150 1440
150 1440
150 1530
150 1530
150 1575
150 1575
150 1496
150 1540
150 1540
150 1620
150 1540
150 1575
150 1575
150 1540
150 1452
150 1419
150 1462
150 1462
150 1419
150 1419
150 1376
150 1419
150 1419
150 1462
150 1419
150 1462
150 1419
150 1440
150 1419
150 1419
150 1462
150 1408
150 1440
