100 3685
100 3630
100 3551
100 3536
100 3657
100 3588
100 3869
100 3744
100 3640
100 3640
100 3640
100 3710
100 3657
100 3604
100 3604
100 3630
100 3672
100 3672
100 3780
100 3740
100 3740
100 3752
100 3685
100 3808
100 3740
100 3726
100 3726
100 3640
100 3780
100 3618
100 3564
100 3618
100 3604
100 3710
100 3640
100 3744
100 3744
100 3640
100 3710
100 3640
100 3744
100 3744
100 3640
100 3710
100 3604
100 3551
100 3618
100 3618
100 3740
100 3672
100 3726
100 3740
100 3740
100 3740
100 3752
100 3740
100 3740
100 3740
100 3726
100 3672
100 3672
100 3618
100 3618
100 3551
100 3604
100 3657
100 3640
100 3763
100 3692
100 3640
100 3710
100 3640
100 3692
100 3816
100 3604
100 3710
100 3604
100 3618
