200 782
200 816
200 816
200 858
200 858
200 858
200 837
200 864
200 896
200 864
200 864
200 864
200 896
200 864
200 864
200 837
200 864
200 864
200 884
200 800
200 816
200 782
200 816
200 782
200 816
200 782
200 782
200 782
200 782
200 816
200 816
200 816
200 816
200 782
200 816
200 825
200 858
200 891
200 864
200 864
200 832
200 864
200 864
200 864
200 832
200 864
200 864
200 832
200 858
200 891
200 825
200 850
200 816
200 782
200 840
200 782
200 782
200 782
200 782
200 816
200 782
200 782
200 782
200 816
200 782
200 816
200 850
200 858
200 858
200 858
200 864
200 832
200 864
200 832
200 864
200 864
