250 560
250 540
250 560
250 532
250 551
250 580
250 551
250 551
250 551
250 551
250 580
250 532
250 532
250 560
250 540
250 588
250 588
250 567
250 567
250 540
250 540
250 540
250 540
250 567
250 567
250 540
250 540
250 540
250 540
250 567
250 567
250 560
250 560
250 540
250 560
250 532
250 551
250 522
250 551
250 551
250 551
250 551
250 551
250 532
250 532
250 532
250 513
250 560
250 580
250 540
250 560
250 540
250 540
250 540
250 540
250 540
250 540
250 540
250 540
250 540
250 540
250 540
250 560
250 560
250 540
250 532
250 551
250 532
250 551
250 551
250 551
250 551
250 551
250 551
250 551
250 560
