75 193.45369289420017
75 178.0307686615295
75 172.27948610792814
75 173.30271952827778
75 172.80849503298901
75 183.41842086136526
75 181.210853865852
75 180.07478541550253
75 178.85988245525232
75 178.9889450706834
75 178.40572000831366
75 177.89975520742442
75 181.03547340599505
75 179.59224788910757
75 180.6157992015069
75 180.10605177936245
75 180.23151057053795
75 182.67432216132596
75 179.7203884491309
75 180.68973474089987
75 180.16719466942226
75 181.05816747517795
75 181.8630166555211
75 183.50381736738467
75 183.29054863359943
75 179.51144084271849
75 179.81852674297414
75 179.59705339590028
75 180.1369024220105
75 180.5266422693215
75 180.92524397793616
75 182.50500179598524
75 183.311750122069
75 176.23900119758764
75 176.73568708011945
75 188.02109399312718
75 188.14944915781263
75 177.2859875217052
75 173.8114279185912
75 177.5895079179547
75 177.13021638973441
75 176.74896488709828
75 173.4762215709576
75 173.5293823707948
75 185.17479534373675
75 194.97063064474906
75 195.9190401458404
75 189.48879518676827
75 183.05633396413268
75 183.58958882087617
75 190.7556176504832
75 192.7847870133842
75 195.63619975114386
75 193.09325128546314
75 185.56553729775067
75 181.90317149700832
75 183.3971946924753
75 182.1643926907085
75 196.1455310844327
75 175.12256299167714
75 180.93729378320285
75 198.1052121423772
75 199.19895941288786
75 190.0779735677578
75 183.46236284740147
75 187.39655409664255
75 199.28123824227723
75 195.3948206134784
75 198.41042131660043
75 163.8411930999703
75 186.5036783175814
75 183.29967645101058
75 194.6388774050684
75 189.24868353197397
75 178.03312978283492
75 174.06305339964723
75 172.28911101627216
75 172.46801772228076
75 183.07953755179713
75 185.03096011451385
75 204.4033526735811
75 202.63140236218106
75 188.48636050848276
75 176.1829433285037
75 196.1094595830538
75 189.97986554034208
75 176.2233503882024
75 183.76507189021584
75 169.71901443892932
75 169.75562666726745
75 187.92432347349427
75 170.1219855062339
75 169.75562666726745
75 196.81763197379712
75 189.7012855520687
75 172.54365032259582
75 169.7191406608575
75 172.31708137943414
75 185.74013334026327
75 168.48501966892584
