200 1008.3588036343943
200 831.1809404482667
200 700.8000168461542
200 686.3412320320073
200 880.4776308943234
200 724.4717846757239
200 747.4826785731833
200 725.0172807948758
200 781.3765657466867
200 889.3961622297263
200 951.6779651020435
200 669.6727262970969
200 691.2601529267691
200 792.2819171413098
200 749.2226083775381
200 788.3979004878627
200 706.9569835369092
200 803.4931510638952
200 648.0852267125814
200 758.0527444200951
200 860.0728680025263
200 700.8000168461542
200 681.4958916732793
200 922.5614154442871
200 865.47119701194
200 690.2711538785621
200 681.0138983211258
200 708.5175659079147
200 704.3799305691208
200 1212.2996689671502
200 756.8610431476748
200 828.3208747811804
200 721.7657017610842
200 774.4791886353092
200 813.6575317975046
200 675.7686284363967
200 669.209268655616
200 755.0854968507381
200 823.3806625332008
200 750.3878911264885
200 684.3940304032316
200 697.2541775714478
200 914.6924885895343
200 711.6506147600323
200 774.476560234965
200 733.839422094105
200 961.1534997229247
200 680.0539806470015
200 714.8114952270278
200 669.209268655616
200 705.4098021863888
200 758.6474813857246
200 665.9790530777101
200 822.6771822235315
200 698.2611660415957
200 792.2819171413098
200 709.0392922390239
200 736.6393504233935
200 737.2057123474482
200 724.4740846226584
200 759.248204352141
200 842.0595415123272
200 754.4988239294926
200 787.7556233563153
200 776.3472256511843
200 715.3447777869827
200 721.225085760157
200 725.0195842066422
200 716.404737463119
200 656.909362841837
200 652.9080123303091
200 623.788983882796
200 634.8676444989187
200 642.9036268370731
200 634.0350913402042
200 702.8396669008821
200 661.8648758837627
200 702.8418315492141
200 683.914079183742
200 678.1442559342505
200 641.6220493314429
200 665.0590852773079
200 676.7164779767642
200 667.8207823600064
200 689.28498074676
200 689.7787572980039
200 728.8518931013574
200 714.2879500127214
200 743.4500636435774
200 738.89807310347
200 708.5153661576401
200 708.5175659079147
200 724.4740846226584
200 720.687554984097
200 691.2643407578705
200 704.8934015528096
200 690.7642539530714
200 698.2654391303853
200 701.8172807743609
200 696.7517717133018
