175 761.642845461511
175 737.2033308535913
175 712.704098682106
175 695.747007739959
175 738.3314976421036
175 672.9429289261324
175 693.2445715500837
175 728.854220943061
175 785.8269374374637
175 757.4589392047022
175 781.3738903218012
175 678.622194391885
175 631.5452387212063
175 645.0534354474114
175 696.7475171303829
175 684.8828774135793
175 709.0392922390239
175 712.1769671311855
175 657.3559348816653
175 686.8328656818326
175 664.6000538356665
175 669.6746914664519
175 680.0580337985575
175 702.8375022658836
175 695.2446526170471
175 761.642845461511
175 698.2611660415957
175 716.404737463119
175 702.3270210191621
175 661.4121586819455
175 647.6529957762115
175 647.6493196892789
175 657.357828427895
175 644.1921526988331
175 678.1442559342505
175 676.2452269475325
175 703.3508939166119
175 674.3528186051539
175 707.4764132455189
175 705.4098021863888
175 691.75676442275
175 690.7663448590785
175 707.9966068071278
175 720.687554984097
175 682.943930228084
175 673.4115742614326
175 707.9966068071278
175 670.1387942082732
175 712.1769671311855
175 686.8349328553327
175 673.8808727918235
175 705.9247763051372
175 677.1924053251579
175 680.0580337985575
175 683.4286604166783
175 656.0180365535891
175 644.6215959372182
175 660.50857969816
175 693.2487834600033
175 748.0633913293506
175 636.5428785012169
175 685.8564855264893
175 717.4723543813271
175 738.3338864305081
175 695.7448865729913
175 701.8172807743609
175 674.3548113381983
175 715.3425354393331
175 716.9404008284955
175 673.8848526931519
175 681.9785677784083
175 672.4709721580247
175 687.8120297352633
175 683.9099799378871
175 727.7501675368866
175 720.687554984097
175 687.3210639226145
175 702.8418315492141
175 696.7517717133018
175 678.622194391885
175 707.9988033373593
175 690.7663448590785
175 708.5153661576401
175 671.5369462186952
175 709.5573750321479
175 734.9596757682401
175 722.3048426311061
175 707.9966068071278
175 723.3878373898916
175 752.1438671016631
175 711.1272558271223
175 690.2711538785621
175 687.8120297352633
175 693.2466774986461
175 687.3210639226145
175 766.4828797999345
175 751.5568043027832
175 718.5408956212116
175 750.3903585661863
175 716.404737463119
