125 360.2766487307186
125 358.62004558181474
125 376.87560160806305
125 359.8392184741974
125 372.8741871737666
125 372.80291812380324
125 366.9551114919267
125 361.5586785942886
125 361.3216795269596
125 362.57775570579236
125 368.20735635628137
125 381.6263939143892
125 364.9942409856746
125 360.2760799497873
125 366.91912109750496
125 367.2870276017085
125 358.00400396855906
125 365.66857714214296
125 371.76136561980013
125 371.86919769146107
125 361.42353959043015
125 362.0336106724492
125 373.4874941870538
125 359.2698822022823
125 369.2720801790881
125 374.42998365103455
125 360.04075882087915
125 365.7037365680386
125 361.1192744338297
125 364.8909420501725
125 359.40454722888126
125 366.2583907274337
125 360.8149506551494
125 362.1008212687085
125 370.0331177601952
125 371.868591718577
125 371.5114117010374
125 373.63241889942356
125 368.1794358472502
125 367.0589922146104
125 365.80690989980525
125 359.671912857735
125 364.4597032741689
125 365.046788301702
125 362.68032530071247
125 358.8326348469564
125 373.45204450172616
125 370.9757202076149
125 360.3773512544423
125 376.54850339036034
125 374.24822480195735
125 369.90895845471135
125 377.41412354415456
125 375.34019787221695
125 370.76175544587664
125 367.12985370790955
125 358.5366576260413
125 359.9737429008146
125 370.06792130774755
125 358.9026132012373
125 359.80517760515494
125 365.08007609491574
125 361.42296718246706
125 356.0562596707175
125 363.73878771498113
125 355.3670673696711
125 359.43738005647265
125 362.7477762555803
125 372.58684106795914
125 377.28433876989584
125 372.11963344315257
125 361.28735761124796
125 368.21507979791323
125 362.8158291306061
125 367.0595826140266
125 363.1229611215386
125 366.57197013158077
125 358.15402165461495
125 364.83960614570566
125 359.57160414350096
125 361.4905238403752
125 360.51170888968386
125 374.8660639485686
125 364.42536459304085
125 379.13783073749653
125 369.4484384406401
125 378.76529966973277
125 368.98966027884427
125 374.4662337150884
125 363.2940718414573
125 365.2881162453329
125 352.0606514744127
125 365.66857714214296
125 358.5360943258046
125 360.17486554657665
125 358.43641805914257
125 364.42536459304085
125 367.4265878254982
125 366.60612561602477
125 362.57775570579236
