150 517.4263429296988
150 464.5011811422011
150 462.27586013307683
150 474.84293181266924
150 483.8598289479902
150 485.16832556427426
150 452.8924542022769
150 462.773640582152
150 475.48701670770845
150 471.82500793050224
150 489.84743477424934
150 473.7349689147014
150 483.3453657314478
150 467.9923677025971
150 478.07691835755634
150 442.7112851414415
150 459.8529681853276
150 480.57674986146236
150 504.04688332714363
150 472.17157127752995
150 489.6613960058069
150 481.4161852323994
150 487.5575820264418
150 466.49232777463857
150 456.1031028738858
150 471.30660243477735
150 471.8825705287854
150 486.63641639363743
150 453.85080234460037
150 419.77513397833536
150 476.13285127107656
150 494.30162536192125
150 482.01612513880167
150 465.7886864061574
150 479.2646858515752
150 484.3157657297117
150 465.5378322345548
150 477.01464512360747
150 464.38869761912997
150 480.5180585318547
150 487.68157089736786
150 477.36787843471245
150 484.01171246291375
150 479.8602810659997
150 485.71665737765187
150 493.92182786695673
150 464.83706521552523
150 479.5033509463005
150 487.9902538805466
150 477.13233146216766
150 472.0846385720197
150 465.95892698535863
150 488.730177766791
150 473.0956186590589
150 471.65240436611526
150 486.083936384057
150 476.07424712623646
150 490.96981167565457
150 473.5029925920306
150 479.67973306284085
150 473.9110686940242
150 480.9373075049511
150 498.58035809870046
150 502.7354873145395
150 494.17424789886843
150 483.1038843918469
150 478.611336818414
150 490.53289687828186
150 498.19287197225367
150 478.374561436082
150 483.95217918445775
150 441.4455418128881
150 488.794033275961
150 482.9832341832546
150 489.5983640823893
150 483.89163449436353
150 469.128565731272
150 461.7221568191626
150 468.78837936338056
150 467.3129039958437
150 476.6012089865154
150 463.1079698149528
150 474.66712624688375
150 466.5209372823369
150 498.19287197225367
150 485.900744771618
150 439.6349585530444
150 479.0262582220937
150 468.9588927046338
150 490.6573488948968
150 494.55336206752435
150 477.4268015207698
150 488.8547638276119
150 481.2973914961274
150 480.5180585318547
150 493.10004426491537
150 488.23560155177654
150 485.1074762197306
150 479.5628024211101
150 475.83799036611566
