0 0.1575477123260498
1 0.05068778991699219
2 0.0633389949798584
3 0.06801104545593262
4 0.06072211265563965
5 0.04961204528808594
6 0.08193588256835938
7 0.11858606338500977
8 0.33355236053466797
9 0.07297658920288086
10 0.04661893844604492
11 0.04257559776306152
12 0.04983687400817871
13 0.0538020133972168
14 0.055876970291137695
15 0.04693746566772461
16 0.04258608818054199
17 0.044220924377441406
18 0.07429885864257812
19 0.09573698043823242
20 0.34712839126586914
21 0.0680685043334961
22 0.0552980899810791
23 0.04434657096862793
24 0.04750514030456543
25 0.04002857208251953
26 0.044457435607910156
27 0.05376911163330078
28 0.04339027404785156
29 0.03580760955810547
30 0.09437680244445801
31 0.0937492847442627
32 0.3198506832122803
33 0.05190563201904297
34 0.0521845817565918
35 0.04652905464172363
36 0.030328750610351562
37 0.02985215187072754
38 0.029705047607421875
39 0.03775668144226074
40 0.03764510154724121
41 0.03148508071899414
42 0.03911995887756348
43 0.03603506088256836
44 0.22931861877441406
45 0.04351997375488281
46 0.05912470817565918
47 0.31241822242736816
48 0.07897305488586426
49 0.02843475341796875
50 0.03490185737609863
51 0.027848005294799805
52 0.033507347106933594
53 0.03422045707702637
54 0.0346682071685791
55 0.03422141075134277
56 0.0322268009185791
57 0.028062105178833008
58 0.02882671356201172
59 0.20813941955566406
60 0.060347795486450195
61 0.0615234375
62 0.32553958892822266
63 0.047003746032714844
64 0.03241109848022461
65 0.030064821243286133
66 0.02851247787475586
67 0.028801918029785156
68 0.03412055969238281
69 0.03230476379394531
70 0.03286409378051758
71 0.027655601501464844
72 0.03026747703552246
73 0.028341054916381836
74 0.030352115631103516
75 0.032015085220336914
76 0.05549001693725586
77 0.07040667533874512
78 0.3174624443054199
79 0.06842184066772461
80 0.0320737361907959
81 0.032083988189697266
82 0.029278039932250977
83 0.028551578521728516
84 0.029313325881958008
85 0.03378129005432129
86 0.0415043830871582
87 0.029337406158447266
88 0.029278039932250977
89 0.02758932113647461
90 0.02703714370727539
91 0.02900242805480957
92 0.03595399856567383
93 0.03505396842956543
94 0.06176638603210449
95 0.06233382225036621
96 0.052416086196899414
97 0.3202941417694092
98 0.05606842041015625
99 0.02999734878540039
