0 0.062085866928100586
1 0.06090950965881348
2 0.020751237869262695
3 0.021123647689819336
4 0.0241396427154541
5 0.02344369888305664
6 0.033698320388793945
7 0.02811288833618164
8 0.023873090744018555
9 0.023993492126464844
10 0.024303436279296875
11 0.022931337356567383
12 0.025853395462036133
13 0.024211883544921875
14 0.024892330169677734
15 0.023838281631469727
16 0.03010249137878418
17 0.02960801124572754
18 0.025984764099121094
19 0.026032447814941406
20 0.02785801887512207
21 0.022652387619018555
22 0.0208127498626709
23 0.02070021629333496
24 0.021332740783691406
25 0.021619558334350586
26 0.021288633346557617
27 0.02133345603942871
28 0.02040243148803711
29 0.020173311233520508
30 0.019719362258911133
31 0.019663333892822266
32 0.020020246505737305
33 0.020168542861938477
34 0.02115797996520996
35 0.019738435745239258
36 0.020896196365356445
37 0.0223391056060791
38 0.022469520568847656
39 0.021895647048950195
40 0.02233743667602539
41 0.020927906036376953
42 0.021363496780395508
43 0.021136045455932617
44 0.020040035247802734
45 0.02111029624938965
46 0.020887374877929688
47 0.02052617073059082
48 0.020708560943603516
49 0.02465343475341797
50 0.02059793472290039
51 0.021129608154296875
52 0.02044367790222168
53 0.01965641975402832
54 0.020751476287841797
55 0.020209074020385742
56 0.021123409271240234
57 0.02044224739074707
58 0.020153045654296875
59 0.020876169204711914
60 0.020601987838745117
61 0.021468400955200195
62 0.020511865615844727
63 0.02078557014465332
64 0.020560503005981445
65 0.021282672882080078
66 0.020128488540649414
67 0.02146291732788086
68 0.019936084747314453
69 0.020409345626831055
70 0.020929574966430664
71 0.022533416748046875
72 0.021618366241455078
73 0.022517681121826172
74 0.02051544189453125
75 0.02055215835571289
76 0.020116329193115234
77 0.020581960678100586
78 0.020377635955810547
79 0.02006053924560547
80 0.0201568603515625
81 0.020060300827026367
82 0.020253658294677734
83 0.020157575607299805
84 0.02434086799621582
85 0.02225804328918457
86 0.019923686981201172
87 0.021332502365112305
88 0.02325439453125
89 0.020128965377807617
90 0.0206301212310791
91 0.020368099212646484
92 0.020493268966674805
93 0.020076513290405273
94 0.020377159118652344
95 0.021010875701904297
96 0.021282434463500977
97 0.020064353942871094
98 0.021296977996826172
99 0.020568132400512695
