0 0.04930734634399414
1 0.025845050811767578
2 0.02078986167907715
3 0.027981281280517578
4 0.026430368423461914
5 0.03171110153198242
6 0.02762746810913086
7 0.027014493942260742
8 0.028194904327392578
9 0.02675342559814453
10 0.027383089065551758
11 0.026340246200561523
12 0.02524709701538086
13 0.022201061248779297
14 0.023309707641601562
15 0.02410721778869629
16 0.02348494529724121
17 0.022234439849853516
18 0.023127317428588867
19 0.02270030975341797
20 0.022202730178833008
21 0.023131370544433594
22 0.023225069046020508
23 0.022435665130615234
24 0.023442983627319336
25 0.027901411056518555
26 0.02262258529663086
27 0.021936655044555664
28 0.02263665199279785
29 0.022338390350341797
30 0.021981000900268555
31 0.022593021392822266
32 0.022037267684936523
33 0.022924423217773438
34 0.023576974868774414
35 0.02229475975036621
36 0.02493429183959961
37 0.022103309631347656
38 0.022004127502441406
39 0.021919727325439453
40 0.01929616928100586
41 0.0194854736328125
42 0.01947307586669922
43 0.019472360610961914
44 0.019564390182495117
45 0.020190715789794922
46 0.01971149444580078
47 0.019484758377075195
48 0.020615339279174805
49 0.019640445709228516
50 0.01933908462524414
51 0.01954174041748047
52 0.01957225799560547
53 0.01941990852355957
54 0.019925355911254883
55 0.01936054229736328
56 0.01956915855407715
57 0.019429922103881836
58 0.019557714462280273
59 0.019385337829589844
60 0.01932215690612793
61 0.020986318588256836
62 0.019583702087402344
63 0.019574403762817383
64 0.0225832462310791
65 0.019371509552001953
66 0.019337177276611328
67 0.01912999153137207
68 0.019663095474243164
69 0.019405841827392578
70 0.019231796264648438
71 0.019631385803222656
72 0.019259929656982422
73 0.023183107376098633
74 0.019707202911376953
75 0.01944875717163086
76 0.019312143325805664
77 0.01949787139892578
78 0.020680904388427734
79 0.019317150115966797
80 0.019301652908325195
81 0.01941227912902832
82 0.019204378128051758
83 0.020203351974487305
84 0.0193939208984375
85 0.021225690841674805
86 0.020234346389770508
87 0.019378185272216797
88 0.01958179473876953
89 0.019630908966064453
90 0.019265174865722656
91 0.01936817169189453
92 0.019145727157592773
93 0.020124435424804688
94 0.01951432228088379
95 0.019357919692993164
96 0.01938462257385254
97 0.01919078826904297
98 0.022717952728271484
99 0.019663572311401367
