0 0.059821367263793945
1 0.0610659122467041
2 0.057290077209472656
3 0.03717231750488281
4 0.034996747970581055
5 0.0348663330078125
6 0.03571486473083496
7 0.0351719856262207
8 0.03529763221740723
9 0.02597188949584961
10 0.024090290069580078
11 0.025957345962524414
12 0.0260922908782959
13 0.026911020278930664
14 0.025800704956054688
15 0.02410721778869629
16 0.028276920318603516
17 0.02576446533203125
18 0.026423215866088867
19 0.02583146095275879
20 0.023883581161499023
21 0.025814056396484375
22 0.02613091468811035
23 0.02185821533203125
24 0.021910667419433594
25 0.024804353713989258
26 0.024463653564453125
27 0.02177572250366211
28 0.020967483520507812
29 0.0228269100189209
30 0.022383689880371094
31 0.019980430603027344
32 0.02219557762145996
33 0.01964116096496582
34 0.021613359451293945
35 0.0226287841796875
36 0.02605128288269043
37 0.020847082138061523
38 0.021934032440185547
39 0.019646406173706055
40 0.0178375244140625
41 0.019146442413330078
42 0.017653942108154297
43 0.019008874893188477
44 0.017450332641601562
45 0.019228458404541016
46 0.01945209503173828
47 0.019522905349731445
48 0.019052743911743164
49 0.02141284942626953
50 0.019765138626098633
51 0.019268512725830078
52 0.01711583137512207
53 0.018802881240844727
54 0.019140243530273438
55 0.019903898239135742
56 0.01908421516418457
57 0.01938152313232422
58 0.019382715225219727
59 0.01711869239807129
60 0.01903820037841797
61 0.0177001953125
62 0.01943516731262207
63 0.02010059356689453
64 0.019500255584716797
65 0.01905655860900879
66 0.017132282257080078
67 0.019054412841796875
68 0.017573118209838867
69 0.019422292709350586
70 0.019389867782592773
71 0.01718449592590332
72 0.019008398056030273
73 0.01713848114013672
74 0.019222736358642578
75 0.017905473709106445
76 0.020145416259765625
77 0.019202470779418945
78 0.017656326293945312
79 0.018941164016723633
80 0.017245054244995117
81 0.019012928009033203
82 0.01780414581298828
83 0.01918482780456543
84 0.0180971622467041
85 0.019916057586669922
86 0.019087791442871094
87 0.019366025924682617
88 0.021311521530151367
89 0.017817974090576172
90 0.01912403106689453
91 0.01911783218383789
92 0.01706099510192871
93 0.01930093765258789
94 0.017674922943115234
95 0.02037525177001953
96 0.019160032272338867
97 0.017116069793701172
98 0.01909947395324707
99 0.017151355743408203
