0 1.928128
1 2.133248
2 2.29376
3 2.41664
4 2.53952
5 2.62144
6 2.6624
7 2.78528
8 2.90816
9 2.99008
10 3.072
11 3.15392
12 3.15392
13 3.23584
14 3.2768
15 3.35872
16 3.39968
17 3.44064
18 3.4816
19 3.52256
20 3.60448
21 3.64544
22 3.72736
23 3.76832
24 3.80928
25 3.85024
26 3.93216
27 3.97312
28 4.05504
29 4.05504
30 4.05504
31 4.096
32 4.13696
33 4.17792
34 4.17792
35 4.21888
36 4.25984
37 4.25984
38 4.3008
39 4.3008
40 4.3008
41 4.3008
42 4.34176
43 4.34176
44 4.34176
45 4.34176
46 4.38272
47 4.38272
48 4.38272
49 4.42368
50 4.42368
51 4.46464
52 4.42368
53 3.85024
54 3.8912
55 3.93216
56 3.97312
57 4.05504
58 4.096
59 4.096
60 4.13696
61 4.21888
62 4.21888
63 4.21888
64 4.25984
65 4.25984
66 4.25984
67 4.3008
68 4.34176
69 4.34176
70 4.34176
71 4.38272
72 4.38272
73 4.38272
74 4.42368
75 4.46464
76 4.42368
77 4.42368
78 4.46464
79 4.46464
80 4.5056
81 4.54656
82 4.58752
83 4.54656
84 4.62848
85 4.66944
86 4.75136
87 4.79232
88 4.87424
89 4.87424
90 4.75136
91 4.79232
92 4.79232
93 4.79232
94 4.83328
95 4.87424
96 4.87424
97 4.87424
98 4.9152
99 4.9152
