0 0.06284952163696289
1 0.034182071685791016
2 0.022655963897705078
3 0.029592514038085938
4 0.028957843780517578
5 0.02756810188293457
6 0.02783942222595215
7 0.0288999080657959
8 0.02959442138671875
9 0.032286643981933594
10 0.03272080421447754
11 0.026791095733642578
12 0.02857828140258789
13 0.028074264526367188
14 0.02744007110595703
15 0.028079748153686523
16 0.027064800262451172
17 0.02768254280090332
18 0.029274940490722656
19 0.028285741806030273
20 0.027076244354248047
21 0.0272674560546875
22 0.027689218521118164
23 0.028249263763427734
24 0.028536319732666016
25 0.02816629409790039
26 0.029517650604248047
27 0.030579328536987305
28 0.025188922882080078
29 0.023149728775024414
30 0.023832082748413086
31 0.023121118545532227
32 0.023176193237304688
33 0.02325272560119629
34 0.0230557918548584
35 0.024054527282714844
36 0.023288488388061523
37 0.02407979965209961
38 0.023211240768432617
39 0.02323174476623535
40 0.024538755416870117
41 0.023924827575683594
42 0.02371501922607422
43 0.02405261993408203
44 0.023517370223999023
45 0.023107290267944336
46 0.024631023406982422
47 0.025619029998779297
48 0.025197505950927734
49 0.022882461547851562
50 0.024126052856445312
51 0.024669647216796875
52 0.0242311954498291
53 0.023457765579223633
54 0.023433923721313477
55 0.02347850799560547
56 0.0235903263092041
57 0.030272245407104492
58 0.02449345588684082
59 0.023215532302856445
60 0.024088621139526367
61 0.023569107055664062
62 0.023674964904785156
63 0.023319005966186523
64 0.023367881774902344
65 0.023485183715820312
66 0.022701740264892578
67 0.027246713638305664
68 0.025583505630493164
69 0.023769378662109375
70 0.02347421646118164
71 0.023366928100585938
72 0.023215293884277344
73 0.024526119232177734
74 0.024145841598510742
75 0.024011850357055664
76 0.02400064468383789
77 0.025105714797973633
78 0.025866985321044922
79 0.024144411087036133
80 0.023623228073120117
81 0.02460622787475586
82 0.024414539337158203
83 0.02479863166809082
84 0.02303934097290039
85 0.024985551834106445
86 0.023511648178100586
87 0.030272483825683594
88 0.026294231414794922
89 0.02414393424987793
90 0.02460765838623047
91 0.023265600204467773
92 0.023291826248168945
93 0.023781538009643555
94 0.024074316024780273
95 0.02332019805908203
96 0.024063825607299805
97 0.027318954467773438
98 0.0260617733001709
99 0.02432727813720703
