0 0.902528
1 1.066624
2 1.23072
3 1.394816
4 1.517888
5 1.681984
6 1.764032
7 1.887104
8 1.969152
9 2.0512
10 2.133248
11 2.215296
12 2.297344
13 2.338368
14 2.379392
15 2.4576
16 2.53952
17 2.58048
18 2.62144
19 2.6624
20 2.70336
21 2.74432
22 2.78528
23 2.82624
24 2.82624
25 2.8672
26 2.8672
27 2.90816
28 2.90816
29 2.94912
30 2.94912
31 2.94912
32 2.94912
33 2.53952
34 2.53952
35 2.62144
36 2.62144
37 2.6624
38 2.70336
39 2.74432
40 2.78528
41 2.78528
42 2.82624
43 2.82624
44 2.8672
45 2.8672
46 2.90816
47 2.90816
48 2.94912
49 2.94912
50 2.94912
51 2.94912
52 2.99008
53 2.99008
54 2.99008
55 2.99008
56 3.03104
57 3.072
58 3.072
59 3.11296
60 3.11296
61 2.74432
62 2.74432
63 2.78528
64 2.78528
65 2.78528
66 2.82624
67 2.78528
68 2.74432
69 2.70336
70 2.70336
71 2.74432
72 2.78528
73 2.82624
74 2.82624
75 2.8672
76 2.8672
77 2.8672
78 2.90816
79 2.94912
80 2.94912
81 2.94912
82 2.99008
83 2.99008
84 3.03104
85 3.072
86 3.072
87 3.11296
88 2.62144
89 2.62144
90 2.6624
91 2.70336
92 2.74432
93 2.74432
94 2.78528
95 2.82624
96 2.8672
97 2.8672
98 2.90816
99 2.90816
