0 0.06224775314331055
1 0.059068918228149414
2 0.05872821807861328
3 0.05336284637451172
4 0.021252155303955078
5 0.020095109939575195
6 0.01990509033203125
7 0.022684574127197266
8 0.022316932678222656
9 0.022019147872924805
10 0.023753881454467773
11 0.022405385971069336
12 0.022546052932739258
13 0.022004365921020508
14 0.021979808807373047
15 0.0246279239654541
16 0.02184009552001953
17 0.022307634353637695
18 0.022603273391723633
19 0.02256298065185547
20 0.02304697036743164
21 0.022844314575195312
22 0.02249765396118164
23 0.02249741554260254
24 0.0224606990814209
25 0.022644758224487305
26 0.020231962203979492
27 0.019991636276245117
28 0.019870996475219727
29 0.020467519760131836
30 0.020061016082763672
31 0.020650625228881836
32 0.021378517150878906
33 0.02054429054260254
34 0.020614147186279297
35 0.01984262466430664
36 0.019939184188842773
37 0.019588232040405273
38 0.021603822708129883
39 0.020817041397094727
40 0.019783496856689453
41 0.019846200942993164
42 0.019974946975708008
43 0.019979238510131836
44 0.020528316497802734
45 0.02074432373046875
46 0.020879268646240234
47 0.020314455032348633
48 0.019940853118896484
49 0.019934415817260742
50 0.022830963134765625
51 0.02010941505432129
52 0.01991105079650879
53 0.020255327224731445
54 0.020534515380859375
55 0.019980192184448242
56 0.018106937408447266
57 0.019738435745239258
58 0.0202789306640625
59 0.019912242889404297
60 0.020096302032470703
61 0.017885923385620117
62 0.024083375930786133
63 0.02041792869567871
64 0.019950389862060547
65 0.019368648529052734
66 0.0194547176361084
67 0.019577503204345703
68 0.0209500789642334
69 0.019526243209838867
70 0.019509553909301758
71 0.019687891006469727
72 0.019692659378051758
73 0.01951313018798828
74 0.019706249237060547
75 0.023514986038208008
76 0.01753711700439453
77 0.02031731605529785
78 0.020131349563598633
79 0.019797563552856445
80 0.019780874252319336
81 0.02124643325805664
82 0.019605636596679688
83 0.020387887954711914
84 0.019610166549682617
85 0.019650697708129883
86 0.019699573516845703
87 0.021329879760742188
88 0.01974320411682129
89 0.019921064376831055
90 0.01995229721069336
91 0.019774913787841797
92 0.01991891860961914
93 0.019742965698242188
94 0.01980900764465332
95 0.02025890350341797
96 0.019726037979125977
97 0.020165681838989258
98 0.019724130630493164
99 0.023122072219848633
