300 408
300 384
300 400
300 400
300 400
300 384
300 384
300 384
300 384
300 408
300 408
300 408
300 408
300 408
300 384
300 408
300 408
300 408
300 408
300 408
300 408
300 384
300 384
300 384
300 408
300 408
300 408
300 408
300 384
300 384
300 408
300 425
300 408
300 400
300 384
300 400
300 400
300 400
300 400
300 400
300 400
300 400
300 400
300 425
300 400
300 400
300 400
300 400
300 400
300 400
300 400
300 400
300 400
300 400
300 400
300 400
300 400
300 400
300 400
300 400
300 400
300 400
300 400
300 400
300 425
300 400
300 400
300 400
300 400
300 400
300 400
300 400
300 400
300 400
300 425
300 425
300 425
300 384
300 384
300 408
300 368
300 384
300 384
300 384
300 400
300 384
300 384
