25 41400
25 41820
25 41615
25 42642
25 41006
25 42630
25 43260
25 41004
25 43263
25 43680
25 43255
25 42009
25 41400
25 42224
25 41208
25 39996
25 40198
25 40800
25 41205
25 40397
25 39999
25 39996
25 38612
25 39996
25 39996
25 38612
25 39999
25 41208
25 41616
25 40795
25 41410
25 41209
25 40198
25 38178
25 39794
25 40986
25 40803
25 41193
25 39382
25 41392
25 41808
25 41173
25 42420
25 43026
25 43248
25 43248
25 41173
25 42636
25 41818
25 41392
25 38380
25 41200
25 40804
25 40800
25 39195
25 41205
25 40200
25 40200
25 38415
25 41208
25 40804
25 40392
25 40602
25 39402
25 39800
25 39396
25 39600
25 39999
25 39402
25 39798
25 41412
25 42024
25 40602
25 41208
25 41006
25 39168
25 39999
25 41818
25 40788
25 41410
25 41808
25 39565
25 41193
25 41208
25 41410
25 40392
25 42016
25 42218
25 42642
25 40596
25 42024
25 41615
25 41208
25 41412
25 39794
25 40795
25 40392
25 39400
25 40194
25 40795
25 3633
25 2667
25 3348
25 4346
25 4998
25 6161
25 7488
25 8798
25 6486
25 10600
25 12075
25 13843
25 15070
25 16352
25 17632
25 17649
25 18306
25 18240
25 18400
25 18240
25 18080
25 18193
25 18354
25 18193
25 15900
25 18354
25 18193
25 18193
25 17808
25 17270
25 17222
25 17538
25 17270
25 17649
25 17120
25 4270
25 7839
25 11997
25 15113
25 19008
25 23256
25 26790
25 25728
25 22656
25 27811
25 26069
25 25152
25 24381
25 24816
25 26130
25 25872
25 25676
25 25480
25 23688
25 23124
25 23750
25 23370
25 23124
25 21182
25 22878
25 22506
25 22755
25 21063
25 22940
25 22940
25 23188
25 23188
25 22878
25 23064
25 20768
25 23312
25 23312
25 23001
25 23750
25 23560
25 23875
25 24638
25 24765
25 24192
25 24765
25 24638
25 24768
25 22250
25 25090
25 23837
25 24056
25 24066
25 21720
25 23180
25 23493
25 23302
25 23493
25 23302
25 23616
25 23424
25 23424
25 23616
25 23668
25 22560
25 25400
25 25250
25 26035
25 25750
25 27324
25 27930
25 28408
25 28408
25 28755
25 29104
25 30084
25 30719
25 31866
25 32289
25 32660
25 33891
25 34800
25 36750
25 37650
25 37650
25 37848
25 38250
25 37791
25 37975
25 39270
25 36408
25 37485
25 36995
25 37146
25 39000
25 40432
25 38304
25 37650
25 38608
25 38962
25 37332
25 36112
25 36750
25 37000
25 34992
25 35574
25 35868
25 36207
25 35332
25 36058
25 36356
25 36505
25 36900
25 38000
25 38354
25 38958
25 39824
25 40964
25 41919
25 40920
25 37392
25 38500
25 38962
25 39936
25 39990
25 39990
25 40040
25 40145
25 40455
25 40610
25 40872
25 40656
25 40502
25 41426
25 40964
25 40698
25 41272
25 42005
25 42780
25 42935
25 52939
25 53760
25 52470
25 54264
25 52497
25 53592
25 44000
25 53286
25 51834
25 52323
25 51354
25 52164
25 50880
25 50868
25 42588
25 50676
25 42880
25 51294
25 37908
25 37820
25 38130
25 38595
25 39624
25 39835
25 40092
25 49320
25 39624
25 50318
25 49762
25 49225
25 48772
25 40040
25 39474
25 39732
25 40040
25 40194
25 41540
25 42547
25 39187
25 49010
25 41734
25 41850
25 41310
25 41026
25 41463
25 41463
25 41769
25 41040
25 40888
25 41769
25 42534
25 43452
25 43758
25 58320
25 56320
25 54570
25 54587
25 53618
25 54946
25 55062
25 51336
25 52624
25 52020
25 49875
25 46494
25 46587
25 46980
25 46207
25 45188
25 45188
25 44872
25 44919
25 44320
25 43566
25 44160
25 44679
25 45156
25 45346
25 45428
25 43725
25 39878
25 43134
25 44398
25 44880
25 50862
25 45360
25 52626
25 49640
25 48174
25 46112
25 45666
25 38151
25 37835
25 37260
25 39501
25 39780
25 36675
25 39078
25 39913
25 46250
25 46182
25 48400
25 50869
25 54008
25 56238
25 61600
25 61075
25 64074
25 59685
25 63536
25 61880
25 56932
25 56416
25 58310
25 55917
25 57290
25 57122
25 58482
25 58993
25 59166
25 58647
25 55650
25 56052
25 56588
25 57291
25 58480
25 57494
25 56672
25 58625
25 61248
25 61232
25 63012
25 62453
25 60876
25 60876
25 59965
25 58308
25 54425
25 55590
25 52200
25 54080
25 60544
25 63318
25 56848
25 63019
25 60480
25 59274
25 59549
25 61242
25 63366
25 63984
25 64844
25 60723
25 53380
25 56898
25 61596
25 60888
25 58480
25 54587
25 54462
25 55825
25 56817
25 58116
25 58474
25 58993
25 58638
25 59664
25 61773
25 61588
25 63543
25 64428
25 63184
25 63012
25 63008
25 62304
25 63366
25 62988
25 63350
25 61605
25 59187
25 56472
25 56834
25 56604
25 57240
25 58764
25 59160
25 60896
25 61588
25 62292
25 61074
25 60900
25 61944
25 61596
25 61775
25 61770
25 61770
25 60544
25 60550
25 58993
25 59340
25 60192
25 60876
25 60031
25 60028
25 59856
25 60200
25 59508
25 60378
25 61588
25 63684
25 66021
25 66375
25 65100
25 66216
25 67500
25 65326
25 66608
25 67158
25 66230
25 51680
25 63296
25 65625
25 52026
25 55755
25 64380
25 64959
25 64702
25 66794
25 69372
25 68985
25 65163
25 66357
25 55860
25 75460
25 3696
25 74360
25 74035
25 71832
25 82079
25 81832
25 82990
25 82728
25 82512
25 79074
25 78793
25 78375
25 77792
25 71052
25 78166
25 57730
25 60060
25 57816
25 56064
25 54936
25 53714
25 53714
25 52942
25 85748
25 85914
25 83600
25 57400
25 39900
25 59565
25 16900
25 57616
25 59892
25 61600
25 62196
25 86868
25 87010
25 87780
25 87010
25 87462
25 87010
25 88394
25 63336
25 63180
25 63666
25 65610
25 88464
25 88780
25 65928
25 64638
25 65124
25 65660
25 65436
25 64925
25 65552
25 65486
25 89705
25 64774
25 64068
25 9656
25 89938
25 62879
25 63333
25 63332
25 63555
25 64125
25 65376
25 63450
25 64068
25 64288
25 61160
25 60822
25 57664
25 58512
25 72030
25 68564
25 66757
25 68040
25 67100
25 67760
25 67832
25 68076
25 11700
25 66998
25 66998
25 67480
25 68256
25 67496
25 71036
25 61320
25 56785
25 38874
25 84816
25 3762
25 83328
25 79118
25 1280
25 1394
25 1394
25 54880
25 87776
25 53502
25 51884
25 51230
25 1720
25 1716
25 83232
25 82812
25 82215
25 79588
25 79194
25 76814
25 76050
25 72580
25 71410
25 71442
25 63712
25 62814
25 61242
25 59856
25 58136
25 59340
25 58824
25 58653
25 59166
25 58990
25 62530
25 59856
25 60204
25 61773
25 61065
25 62122
25 62481
25 61248
25 60192
25 60200
25 61600
25 62128
25 62658
25 62835
25 63184
25 62832
25 63140
25 62952
25 59330
25 58968
25 60671
25 60092
25 52804
25 58463
25 60003
25 61596
25 61944
25 60368
25 60357
25 59760
25 61748
25 62466
25 61775
25 61069
25 60705
25 59657
25 58116
25 58712
25 57376
25 57213
25 56580
25 56430
25 56724
25 57420
25 57104
25 55104
25 53766
25 62780
25 54868
25 54587
25 55760
25 56446
25 56446
25 57798
25 55930
25 56376
25 55432
25 56588
25 56724
25 56848
25 56286
25 56564
25 55611
25 53950
25 54284
25 55278
25 56760
25 57255
25 57072
25 57750
25 57750
25 56088
25 55432
25 55945
25 60680
25 53578
25 53766
25 53523
25 53457
25 51156
25 58474
25 58310
25 57629
25 57291
25 52200
25 52668
25 54060
25 54442
25 57236
25 59204
25 60720
25 60375
25 61456
25 59619
25 58740
25 58056
25 56225
25 55440
25 56780
25 59858
25 61415
25 59500
25 58820
25 57460
25 58140
25 58993
25 58308
25 56571
25 53040
25 54384
25 51603
25 49856
25 49500
25 51038
25 50150
25 46455
25 48675
25 49692
25 49389
25 55939
25 59826
25 54636
25 44720
25 45828
25 45153
25 57270
25 58824
25 58100
25 60876
25 59840
25 56376
25 54132
25 330
25 49245
25 2108
25 2508
25 3100
25 3840
25 39424
25 38862
25 37901
25 34034
25 38456
25 37995
25 5796
25 5734
25 38442
25 37632
25 37084
25 37084
25 38073
25 10064
25 10212
25 38776
25 39109
25 39824
25 42625
25 41800
25 39812
25 11907
25 12684
25 13244
25 41040
25 15364
25 39864
25 39450
25 39864
25 39824
25 38700
25 448
25 1311
25 39038
25 38480
25 11020
25 38850
25 40506
25 39936
25 38962
25 39156
25 41978
25 45570
25 12798
25 12474
25 11396
25 40145
25 43065
25 7257
25 40040
25 7050
25 40502
25 40300
25 3892
25 1900
25 826
25 460
25 40764
25 40922
25 40035
25 41712
25 42344
25 39960
25 40425
25 41013
25 41588
25 41292
25 41422
25 40700
25 41124
25 40425
25 40996
25 40975
25 35035
25 35712
25 36395
25 36603
25 37148
25 37296
25 37444
25 37044
25 36897
25 37084
25 36938
25 35321
25 35712
25 40132
25 40863
25 41181
25 40663
25 41238
25 40663
25 40404
25 40092
25 39780
25 39116
25 36852
25 38403
25 38250
25 42018
25 41700
25 41850
25 42150
25 42280
25 41978
25 41922
25 41040
25 40736
25 40964
25 40086
25 39780
25 40239
25 40086
25 39780
25 39780
25 40736
25 39520
25 39976
25 40545
25 41463
25 41192
25 41192
25 40736
25 40736
25 41004
25 41895
25 40545
25 41004
25 41385
25 40239
25 40280
25 40128
25 40584
25 40280
25 41850
25 41695
25 41440
25 36062
25 36309
25 37444
25 37250
25 38144
25 37650
25 37544
25 35607
25 38844
25 39520
25 39042
25 36260
25 36408
25 36309
25 36704
25 36556
25 36750
25 36354
25 36500
25 36830
25 37376
25 37376
25 38442
25 36897
25 38036
25 40448
25 38550
25 38400
25 38367
25 38740
25 37522
25 38332
25 37814
25 42880
25 43248
25 40584
25 38591
25 38073
25 36897
25 36015
25 39360
25 35815
25 39432
25 39156
25 38203
25 37548
25 37376
25 37814
25 37230
25 36646
25 35868
25 40469
25 39182
25 38181
25 39888
25 41035
25 36354
25 38398
25 41172
25 37995
25 35673
25 40800
25 37088
25 37848
25 40455
25 41385
25 41230
25 41075
25 40810
25 39713
25 40921
25 41223
25 41072
25 37820
25 37544
25 38000
25 38250
25 38403
25 38654
25 39215
25 39564
25 39721
25 39250
25 39342
25 38440
25 37884
25 36542
25 35040
25 35611
25 35372
25 35550
25 35164
25 34780
25 35462
25 35760
25 35624
25 40016
25 39042
25 38080
25 36424
25 35796
25 35680
25 35520
25 35098
25 34506
25 34020
25 32039
25 34485
25 31000
25 29949
25 29651
25 29640
25 28880
25 27968
25 27258
25 26334
25 6669
25 25599
25 23556
25 22484
25 20944
25 19840
25 6612
25 17649
25 17584
25 15794
25 14900
25 14112
25 13104
25 12584
25 12384
25 11952
25 11869
25 11869
25 11726
25 11644
25 11726
25 12096
25 10138
25 12070
25 12298
25 12441
25 12584
25 12496
25 12638
25 12816
25 12496
25 12528
25 12384
25 12180
25 12325
25 12760
25 13050
25 13485
25 13630
25 13724
25 13818
25 13671
25 12096
25 13616
25 13286
25 13140
25 13286
25 13432
25 13340
25 13286
25 13050
25 13050
25 13286
25 13578
25 14016
25 13920
25 14162
25 12384
25 14065
25 14259
25 14504
25 14504
25 14652
25 14700
25 14900
25 14847
25 15049
25 15049
25 15096
25 14994
25 14847
25 14948
25 14948
25 14948
25 14948
25 14847
25 14847
25 13724
25 14847
25 14994
25 14847
25 14847
25 14847
25 14600
25 14700
25 14700
25 14800
25 14553
25 14700
25 14700
25 14900
25 15000
25 15000
25 14949
25 14850
25 14688
25 14535
25 14400
25 14400
25 14345
25 14250
25 14400
25 14550
25 13112
25 14850
25 14847
25 14847
25 14847
25 14308
25 13680
25 13156
25 12922
25 12727
25 12727
25 12922
25 13392
25 13630
25 14016
25 14162
25 12702
25 15194
25 13959
25 17365
25 18573
25 19479
25 19966
25 20286
25 20590
25 21456
25 21750
25 21300
25 20580
25 21164
25 19865
25 19019
25 18460
25 18304
25 17931
25 17947
25 18612
25 19305
25 19320
25 19596
25 20002
25 20276
25 20250
25 20250
25 20250
25 20250
25 19591
25 20100
25 20250
25 20115
25 19980
25 19845
25 19575
25 19584
25 19176
25 19040
25 18768
25 18769
25 18768
25 18765
25 18765
25 18760
25 18487
25 18480
25 18209
25 18209
25 18209
25 18340
25 16680
25 17816
25 17810
25 17680
25 17550
25 17816
25 18084
25 18088
25 18225
25 19600
25 19170
25 19035
25 20300
25 20860
25 20838
25 21280
25 21545
25 22120
25 22080
25 22657
25 22908
25 23184
25 23564
25 23895
25 24208
25 24480
25 24616
25 24300
25 24616
25 24616
25 25071
25 25071
25 25345
25 6728
25 25993
25 26410
25 26966
25 27244
25 27324
25 27661
25 27939
25 6728
25 28495
25 29120
25 29540
25 30174
25 30174
25 28980
25 27948
25 27105
25 22494
25 21545
25 20433
25 18906
25 17640
25 15873
25 13192
25 11610
25 9159
25 7125
25 5310
25 4445
25 4154
25 3696
25 3668
25 3999
25 4445
25 5082
25 6223
25 7434
25 8382
25 10050
25 11508
25 12927
25 14241
25 16170
25 17374
25 17980
25 18850
25 19448
25 20449
25 21307
25 22752
25 23328
25 23760
25 24505
25 24768
25 23100
25 25550
25 26166
25 26820
25 27180
25 27150
25 27150
25 26754
25 27824
25 30225
25 30049
25 33110
25 36675
25 38744
25 38637
25 39250
25 38808
25 39900
25 39824
25 39168
25 39015
25 36660
25 40704
25 41820
25 39524
25 36456
25 36720
25 39468
25 35916
25 37148
25 38403
25 38319
25 35136
25 34776
25 33320
25 34749
25 35611
25 36356
25 36000
25 6612
25 33017
25 32943
25 32154
25 32620
25 6612
25 6612
25 6612
25 31373
25 31602
25 6496
25 6496
25 6612
25 6669
25 31373
25 6669
25 6728
25 6612
25 6496
25 6555
25 6552
25 6612
25 6612
25 29510
25 6612
25 6555
25 6612
25 32248
25 31144
25 31647
25 6612
25 6612
25 31692
25 32060
25 6612
25 6612
25 6612
25 6612
25 31088
25 30492
25 6612
25 6612
25 6612
25 6612
25 31255
25 31284
25 6612
25 6612
25 6728
25 32912
25 31144
25 31510
25 31921
25 6612
25 33017
25 33017
25 6612
25 32096
25 32292
25 32154
25 30328
25 32292
25 32016
25 32804
25 32620
25 33176
25 33176
25 32760
25 32248
25 31740
25 31692
25 32289
25 31920
25 31275
25 31970
25 31692
25 31921
25 32430
25 33360
25 33258
25 33880
25 33840
25 33840
25 33499
25 33748
25 34704
25 34040
25 34398
25 34986
25 34894
25 35133
25 35611
25 36300
25 34606
25 36784
25 37485
25 37638
25 37884
25 38376
25 37576
25 37884
25 38688
25 38500
25 38192
25 37791
25 38097
25 38250
25 37448
25 38097
25 38192
25 37791
25 36058
25 38038
25 37944
25 37884
25 38595
25 38440
25 38808
25 34263
25 34404
25 34263
25 33840
25 34404
25 34020
25 38654
25 38654
25 38500
25 33740
25 32430
25 33880
25 33880
25 34122
25 34020
25 33840
25 33180
25 33981
25 34364
25 34122
25 34122
25 33499
25 33600
25 33082
25 33082
25 32706
25 32943
25 33221
25 32982
25 33810
25 38038
25 37944
25 37297
25 37696
25 37848
25 37901
25 37448
25 36654
25 36654
25 36408
25 36900
25 36704
25 36704
25 34686
25 36704
25 37101
25 36803
25 37000
25 37000
25 36852
25 37146
25 37297
25 33777
25 34160
25 34300
25 34686
25 35035
25 35321
25 35815
25 35358
25 35109
25 35109
25 34790
25 34932
25 34968
25 34932
25 34686
25 34892
25 34790
25 34404
25 34932
25 35178
25 35712
25 36105
25 35712
25 35178
25 34750
25 35712
25 35856
25 35624
25 35670
25 35670
25 35960
25 36603
25 37101
25 36803
25 36750
25 37200
25 36704
25 37101
25 36685
25 36852
25 37000
25 37101
25 36456
25 36646
25 37548
25 37044
25 36938
25 37191
25 37800
25 36952
25 36693
25 35313
25 35750
25 35960
25 35568
25 35916
25 35280
25 33428
25 34945
25 34986
25 30954
25 31099
25 30510
25 30915
25 31050
25 30150
25 30780
25 31416
25 31552
25 32058
25 31921
25 32154
25 32195
25 31824
25 31688
25 31921
25 32292
25 32292
25 32154
25 31647
25 32109
25 32853
25 32571
25 32994
25 32706
25 32994
25 32994
25 32853
25 32480
25 32248
25 31824
25 32154
25 32058
25 32430
25 31921
25 31921
25 32016
25 31602
25 32430
25 32430
25 31510
25 33086
25 33408
25 33033
25 32518
25 32802
25 32712
25 32430
25 32376
25 32092
25 31584
25 31808
25 31443
25 31666
25 31808
25 31950
25 29784
25 32461
25 32571
25 32480
25 32340
25 32620
25 31878
25 32248
25 32526
25 32526
25 32430
25 32900
25 32900
25 32568
25 32760
25 32665
25 33040
25 33040
25 32665
25 33180
25 33180
25 33600
25 32805
25 33082
25 33880
25 37146
25 37448
25 37950
25 38608
25 37740
25 38144
25 38036
25 38293
25 39000
25 38442
25 39038
25 37152
25 38740
25 37632
25 37296
25 37399
25 36354
25 36354
25 36685
25 36646
25 36540
25 36500
25 36897
25 36646
25 36036
25 36036
25 34750
25 35784
25 35642
25 34827
25 34463
25 37466
25 36465
25 36975
25 36309
25 36505
25 37050
25 36542
25 31995
25 31725
25 30820
25 29832
25 29304
25 28644
25 28908
25 28644
25 29260
25 28908
25 28558
25 28820
25 28820
25 28470
25 28080
25 28080
25 27606
25 27606
25 27606
25 27264
25 27477
25 27432
25 25338
25 26750
25 28755
25 26934
25 28644
25 28776
25 28644
25 26368
25 29346
25 29346
25 29700
25 30140
25 30441
25 30636
25 30328
25 30240
25 30600
25 29835
25 28034
25 29260
25 31280
25 30780
25 29920
25 28080
25 29835
25 30016
25 30284
25 30872
25 31008
25 31455
25 31824
25 33499
25 34224
25 34364
25 35607
25 36432
25 36864
25 37440
25 37488
25 37264
25 36852
25 37296
25 37632
25 37926
25 38740
25 39520
25 40239
25 43416
25 45210
25 46904
25 46781
25 45600
25 47107
25 47808
25 49665
25 49800
25 50787
25 50362
25 48764
25 48430
25 48140
25 47762
25 47025
25 47880
25 48263
25 48720
25 48052
25 49170
25 49728
25 50869
25 51072
25 52190
25 51813
25 52246
25 51944
25 51813
25 50601
25 51545
25 50232
25 51084
25 49432
25 49136
25 48840
25 48970
25 48804
25 48510
25 48675
25 48052
25 47888
25 47596
25 46368
25 51545
25 44460
25 43555
25 45080
25 44117
25 44679
25 45522
25 44597
25 43840
25 43470
25 43200
25 42880
25 42930
25 43200
25 43520
25 44114
25 44320
25 44679
25 45280
25 45563
25 45402
25 44064
25 45684
25 44960
25 44361
25 43524
25 43524
25 43090
25 43090
25 42658
25 45241
25 46084
25 39974
25 39721
25 3600
25 3850
25 3900
25 4150
25 4312
25 4320
25 35938
25 4324
25 4085
25 46332
25 46170
25 47068
25 47762
25 48720
25 4356
25 4416
25 4370
25 4418
25 4512
25 4418
25 4557
25 4557
25 4508
25 4459
25 4368
25 4410
25 4459
25 4459
25 4312
25 4312
25 4312
25 4312
25 4312
25 4450
25 4450
25 4450
25 4450
25 4450
25 4272
25 4312
25 4263
25 41230
25 4224
25 4272
25 4312
25 4272
25 4312
25 4361
25 4312
25 4312
25 4400
25 4272
25 4361
25 4312
25 4361
25 48508
25 4312
25 4312
25 4312
25 4312
25 4312
25 47790
25 4312
25 4312
25 4312
25 4312
25 1836
25 1904
25 1872
25 2016
25 4263
25 4312
25 4312
25 4263
25 1995
25 1876
25 57575
25 2040
25 4263
25 4263
25 4263
25 4263
25 4263
25 4312
25 47300
25 4312
25 4263
25 4214
25 4214
25 4263
25 51850
25 4300
25 4233
25 46096
25 4165
25 4080
25 4116
25 4165
25 4032
25 4032
25 4165
25 46184
25 46920
25 47397
25 4350
25 2520
25 45880
25 47472
25 4214
25 4165
25 4214
25 4214
25 45147
25 4350
25 4437
25 4386
25 44080
25 44352
25 4263
25 4263
25 4263
25 38924
25 4300
25 38958
25 38656
25 37845
25 4350
25 4437
25 38203
25 4488
25 37901
25 38100
25 38203
25 4350
25 4350
25 4350
25 4350
25 37950
25 4350
25 37995
25 38036
25 35420
25 4263
25 4263
25 4263
25 37740
25 37846
25 4300
25 4350
25 4400
25 38850
25 4263
25 4263
25 4350
25 39064
25 37084
25 4300
25 39015
25 38808
25 4350
25 41550
25 4263
25 40552
25 41223
25 41496
25 4300
25 4300
25 4350
25 4400
25 38304
25 38862
25 4350
25 4350
25 4437
25 37101
25 4386
25 37146
25 36542
25 4350
25 38556
25 38912
25 39713
25 39864
25 40350
25 40619
25 4350
25 4350
25 4350
25 37750
25 36408
25 4350
25 4350
25 38398
25 4300
25 4300
25 36062
25 4350
25 4350
25 4350
25 38442
25 4386
25 39713
25 4300
25 4350
25 38211
25 4350
25 4350
25 39886
25 4350
25 4350
25 4350
25 4300
25 4350
25 4350
25 4386
25 4524
25 4524
25 4300
25 4165
25 4165
25 4116
25 40081
25 4150
25 4250
25 4300
25 4524
25 4524
25 4400
25 4400
25 4550
25 4650
25 4700
25 4606
25 4900
25 4950
25 5406
25 5880
25 37544
25 37696
25 34932
25 38250
25 38304
25 35568
25 5152
25 5824
25 5950
25 38808
25 38808
25 39060
25 39468
25 39468
25 39312
25 38750
25 38905
25 35568
25 38097
25 37944
25 37638
25 39516
25 39368
25 39368
25 40081
25 39336
25 39600
25 39485
25 39336
25 40166
25 40317
25 40200
25 39900
25 40128
25 40752
25 40280
25 40584
25 40619
25 40280
25 40392
25 40310
25 40348
25 40502
25 39026
25 38868
25 41310
25 40432
25 40015
25 39713
25 40166
25 40166
25 40310
25 40015
25 40015
25 39900
25 40317
25 40317
25 40584
25 40584
25 40468
25 40050
25 40015
25 40166
25 40015
25 40432
25 39824
25 39520
25 39474
25 39321
25 39321
25 39321
25 38608
25 39015
25 38354
25 37950
25 39468
25 39215
25 38808
25 38808
25 38962
25 38962
25 40300
25 40872
25 40872
25 41499
25 41280
25 41634
25 38100
25 39109
25 39411
25 39109
25 39216
25 39216
25 39474
25 39474
25 39368
25 38656
25 38656
25 7638
25 6811
25 38905
25 39156
25 38844
25 38844
25 38532
25 38220
25 38152
25 37440
25 38304
25 38152
25 38354
25 38690
25 38203
25 38203
25 38052
25 38760
25 39300
25 39150
25 39150
25 43952
25 42547
25 42470
25 44202
25 47996
25 52200
25 55567
25 57330
25 58644
25 60401
25 63360
25 64296
25 55016
25 62586
25 62769
25 61740
25 71052
25 68265
25 64074
25 60424
25 61389
25 64515
25 62376
25 55040
25 57114
25 62132
25 53631
25 45720
25 39159
25 33196
25 31185
25 30072
25 27555
25 24174
25 23095
25 21291
25 22896
25 20808
25 17612
25 1220
25 820
25 4104
25 7630
25 7412
25 7412
25 7260
25 4920
25 20436
25 32214
25 35208
25 31768
25 48260
25 50568
25 47310
25 53978
25 51824
25 43245
25 52866
25 54481
25 55432
25 57615
25 61030
25 60590
25 61152
25 61122
25 64128
25 57000
25 65076
25 66572
25 14418
25 15345
25 16393
25 14685
25 16758
25 3045
25 3708
25 3724
25 4305
25 4746
25 4515
25 4429
25 4386
25 4494
25 4551
25 4485
25 4636
25 4588
25 4625
25 4788
25 5031
25 5200
25 5280
25 5320
25 5265
25 5130
25 5032
25 5180
25 5254
25 5282
25 5244
25 20056
25 5320
25 5655
25 5904
25 6068
25 6109
25 6300
25 6216
25 6216
25 6132
25 6006
25 5822
25 5740
25 5440
25 5168
25 5130
25 4995
25 5092
25 5265
25 5304
25 5265
25 5320
25 5360
25 5382
25 5343
25 5421
25 5440
25 5480
25 5265
25 22204
25 5343
25 5440
25 5535
25 5805
25 5670
25 5984
25 5977
25 6020
25 5891
25 5712
25 5848
25 6106
25 6486
25 27608
25 6578
25 17992
25 21771
25 27800
25 28280
25 28764
25 23010
25 29046
25 6674
25 6116
25 5904
25 5760
25 5577
25 5586
25 5476
25 5402
25 5143
25 5069
25 5032
25 5032
25 4896
25 4824
25 4788
25 4921
25 5676
25 6288
25 6468
25 6223
25 6223
25 6096
25 6048
25 5952
25 5734
25 5900
25 5600
25 4472
25 3822
25 3026
25 20000
25 23564
25 46872
25 51051
25 78960
25 49088
25 31641
25 24150
25 31654
25 31654
25 31654
25 31654
25 31752
25 31850
25 31752
25 31752
25 31752
25 31654
25 31556
25 31752
25 31556
25 31752
25 31752
25 31654
25 31752
25 31654
25 31654
25 31850
25 31850
25 31654
25 31654
25 31654
25 31654
25 31654
25 31654
25 31654
25 31654
25 31850
25 31556
25 31752
25 31752
25 31654
25 31654
25 31654
25 31654
25 31654
25 31556
25 31654
25 31654
25 31752
25 31654
25 31752
25 31654
25 31752
25 31654
25 31654
25 31752
25 31654
25 31752
25 31752
25 31654
25 31752
25 31752
25 31752
25 31556
25 31556
25 31752
25 31556
25 31654
25 31752
25 31556
25 31654
25 31654
25 31752
25 31654
25 31556
25 31850
25 31752
25 31556
25 31654
25 31752
25 31654
25 31654
25 31556
25 31654
25 31850
25 31556
25 31654
25 31654
25 31752
25 31752
25 31654
25 31850
25 31752
25 31850
25 31654
25 31654
25 31752
25 31752
25 31556
25 31556
25 31654
25 31752
25 31654
25 31752
25 31752
25 31654
25 31654
25 31556
25 31556
25 31654
25 31752
25 31556
25 31556
25 31556
25 31752
25 31654
25 31458
25 31556
25 31556
25 31654
25 31654
25 31654
25 31654
25 31654
25 31654
25 31556
25 31752
25 31654
25 31556
25 31556
25 31556
25 32076
25 31654
25 31752
25 19608
25 31752
25 31654
25 19280
25 31752
25 31752
25 18744
25 31752
25 31850
25 29475
25 28820
25 28644
25 27456
25 26796
25 24276
25 25807
25 3534
25 24168
25 23005
25 22533
25 3584
25 3528
25 2632
25 3584
25 19516
25 16848
25 3528
25 3465
25 3584
25 3410
25 9844
25 9552
25 8010
25 7832
25 7155
25 6174
25 584
25 552
25 576
25 860
25 576
25 568
25 3465
25 504
25 3465
25 3640
25 2632
25 483
25 497
25 612
25 3640
25 504
25 3465
25 3410
25 536
25 3640
25 5300
25 26130
25 3726
25 2537
25 4200
25 3618
25 3534
25 3180
25 2790
25 3472
25 2940
25 3348
25 3016
25 2622
25 2964
25 3286
25 3640
25 3355
25 3038
25 2064
25 2898
25 3024
25 2150
25 3024
25 3618
25 3657
25 3604
25 3564
25 3520
25 3575
25 3584
25 3654
25 3828
25 3762
25 3696
25 3953
25 3894
25 3696
25 3819
25 3894
25 4020
25 4209
25 4189
25 4260
25 4331
25 3894
25 2912
25 3900
25 4345
25 5412
25 4558
25 6400
25 6970
25 5880
25 7470
25 7990
25 7216
25 8316
25 7954
25 8316
25 7221
25 8748
25 9072
25 8316
25 8881
25 7600
25 6916
25 8532
25 9020
25 9153
25 8453
25 7104
25 8667
25 9213
25 8772
25 8366
25 8466
25 8925
25 8568
25 8881
25 7790
25 8320
25 8670
25 9379
25 8080
25 8748
25 8240
25 6942
25 8262
25 8383
25 9020
25 9047
25 8262
25 8736
25 9010
25 8881
25 8300
25 8686
25 9135
25 9345
25 8640
25 9202
25 9483
25 8526
25 9309
25 9010
25 8874
25 8277
25 8670
25 8568
25 7719
25 8484
25 8217
25 7954
25 8148
25 7476
25 7938
25 7857
25 7857
25 7954
25 7938
25 7480
25 7857
25 8000
25 8058
25 6825
25 8137
25 8058
25 6975
25 7800
25 7800
25 7410
25 7410
25 7050
25 6205
25 7161
25 6900
25 7200
25 6084
25 7120
25 7031
25 6853
25 6600
25 6600
25 5402
25 6248
25 6141
25 5016
25 6300
25 6279
25 6188
25 5120
25 6164
25 6030
25 6090
25 6188
25 5346
25 5330
25 5248
25 5265
25 5200
25 5248
25 4080
25 5950
25 5865
25 4896
25 5576
25 5103
25 4740
25 4697
25 4788
25 4725
25 5016
25 5214
25 5494
25 5330
25 5120
25 5248
25 5568
25 6072
25 5226
25 5494
25 5200
25 4154
25 5056
25 5360
25 5508
25 4160
25 5740
25 5848
25 4875
25 5934
25 6020
25 6192
25 4900
25 6264
25 6192
25 6192
25 6264
25 6660
25 6789
25 5670
25 6862
25 7200
25 6120
25 6510
25 7426
25 7680
25 6960
25 8100
25 8200
25 7560
25 8755
25 8670
25 8184
25 9374
25 9288
25 8160
25 9460
25 9592
25 9879
25 8976
25 10440
25 10591
25 9416
25 10881
25 11305
25 9870
25 11931
25 10602
25 12036
25 10185
25 12342
25 12300
25 10900
25 12750
25 12524
25 576
25 11187
25 576
25 594
25 11760
25 648
25 558
25 522
25 11880
25 13992
25 14310
25 13674
25 12285
25 13462
25 12896
25 12198
25 12772
25 12852
25 11880
25 12978
25 12546
25 12444
25 10165
25 12221
25 11817
25 9991
25 11858
25 11446
25 10848
25 9700
25 10788
25 10028
25 9828
25 8460
25 9752
25 9345
25 8648
25 9240
25 9048
25 8096
25 8840
25 8736
25 8446
25 7644
25 8019
25 7840
25 6952
25 7315
25 6900
25 6808
25 6984
25 5916
25 6650
25 6580
25 6440
25 5644
25 5762
25 5695
25 5628
25 4355
25 5695
25 5312
25 5084
25 5525
25 5525
25 5644
25 5508
25 5508
25 5395
25 5412
25 5236
25 5293
25 6106
25 6300
25 6825
25 7332
25 6150
25 8300
25 8343
25 7128
25 8840
25 8925
25 8536
25 8961
25 9222
25 8568
25 7790
25 8686
25 9540
25 8190
25 9870
25 10735
25 9494
25 10976
25 11564
25 10593
25 13038
25 11781
25 12423
25 11948
25 12444
25 12688
25 10700
25 12688
25 12688
25 11449
25 12600
25 12524
25 12954
25 13362
25 648
25 10622
25 703
25 630
25 11700
25 648
25 13886
25 13992
25 12322
25 13832
25 13802
25 684
25 627
25 648
25 684
25 10807
25 703
25 666
25 11349
25 12375
25 11931
25 11904
25 10340
25 10672
25 10465
25 9464
25 10057
25 9408
25 8300
25 9047
25 9010
25 7544
25 8925
25 8798
25 8560
25 7938
25 8446
25 8100
25 8100
25 7544
25 7722
25 7448
25 6776
25 7081
25 6789
25 5670
25 6975
25 6808
25 5822
25 6916
25 6688
25 6716
25 5440
25 6716
25 7252
25 6106
25 6552
25 6643
25 5913
25 6210
25 6072
25 4875
25 6643
25 5896
25 6020
25 4752
25 6279
25 6160
25 5175
25 6319
25 6480
25 6424
25 5250
25 6675
25 6862
25 6768
25 6882
25 5658
25 7081
25 7448
25 7030
25 7600
25 7776
25 8148
25 8160
25 7832
25 8330
25 8316
25 7387
25 8383
25 8736
25 8840
25 8924
25 8904
25 8904
25 9504
25 8342
25 9879
25 9555
25 9752
25 8645
25 9660
25 9579
25 9752
25 8464
25 10032
25 10192
25 10434
25 9118
25 10488
25 10810
25 10266
25 9374
25 703
25 11484
25 11155
25 544
25 11856
25 10695
25 11385
25 10506
25 11305
25 11286
25 11730
25 10807
25 11934
25 12200
25 11424
25 11583
25 12240
25 12360
25 12932
25 10192
25 12546
25 12444
25 11118
25 12648
25 13000
25 10878
25 13038
25 13268
25 13500
25 13356
25 11648
25 13230
25 12896
25 11440
25 12322
25 11979
25 11716
25 11484
25 10500
25 11349
25 10735
25 9500
25 10434
25 10323
25 9504
25 9579
25 9265
25 9990
25 9000
25 9460
25 8667
25 8856
25 8480
25 7350
25 6248
25 7200
25 7104
25 6975
25 6750
25 5548
25 6750
25 6750
25 6660
25 6480
25 6570
25 5520
25 6480
25 6336
25 6624
25 6696
25 5796
25 5984
25 6324
25 5412
25 6164
25 6030
25 5984
25 5070
25 6120
25 6532
25 6160
25 5382
25 6230
25 6248
25 4940
25 6336
25 6424
25 5382
25 6586
25 6750
25 5616
25 6825
25 6900
25 6825
25 6006
25 6734
25 6808
25 5670
25 6552
25 6192
25 4818
25 6408
25 6552
25 5082
25 6643
25 6643
25 6532
25 5451
25 6532
25 7008
25 5950
25 7030
25 6816
25 7008
25 5880
25 7650
25 7524
25 6545
25 7904
25 7878
25 6716
25 8085
25 8549
25 8585
25 7387
25 8881
25 9108
25 7826
25 8900
25 10260
25 9282
25 10080
25 9879
25 8736
25 9870
25 10152
25 10260
25 8649
25 10735
25 11155
25 9486
25 11155
25 11400
25 9300
25 11514
25 11716
25 9400
25 11615
25 11615
25 11600
25 10296
25 11716
25 11400
25 9900
25 11737
25 11956
25 11640
25 9720
25 11424
25 11400
25 10640
25 11400
25 11115
25 10192
25 10509
25 10340
25 9810
25 9207
25 9919
25 9990
25 9114
25 9657
25 9350
25 8118
25 8858
25 8840
25 8364
25 6622
25 8181
25 7821
25 6048
25 8160
25 7900
25 7426
25 7448
25 684
25 6916
25 7300
25 7227
25 6992
25 5810
25 6716
25 6675
25 5544
25 6708
25 6336
25 6808
25 5688
25 6188
25 6072
25 5325
25 5848
25 5916
25 5848
25 4800
25 5848
25 5712
25 5880
25 5810
25 6132
25 5676
25 5610
25 5644
25 4761
25 5916
25 5610
25 4745
25 5610
25 5695
25 5780
25 5934
25 5865
25 4896
25 6177
25 6192
25 5325
25 6319
25 6336
25 6600
25 5256
25 6825
25 6992
25 7068
25 6364
25 7068
25 7238
25 6375
25 7332
25 7546
25 7644
25 6364
25 7938
25 7760
25 7134
25 8245
25 8342
25 7482
25 8415
25 8160
25 8736
25 8415
25 8686
25 9180
25 8280
25 9555
25 10488
25 9936
25 8730
25 10120
25 10212
25 9300
25 11092
25 11385
25 11600
25 10504
25 11817
25 11615
25 10098
25 11800
25 12584
25 11110
25 12064
25 12168
25 10403
25 12168
25 12064
25 11742
25 10400
25 11856
25 12257
25 11187
25 9801
25 11400
25 11446
25 10944
25 9975
25 11058
25 11252
25 11800
25 11424
25 11413
25 10791
25 9898
25 10388
25 10486
25 9579
25 9494
25 8100
25 9464
25 9282
25 8010
25 8772
25 8722
25 8787
25 7482
25 8722
25 8722
25 7560
25 8633
25 8352
25 7452
25 6314
25 7007
25 7840
25 8118
25 6966
25 7546
25 7296
25 6278
25 7742
25 6900
25 7220
25 5913
25 7238
25 7426
25 6480
25 7600
25 7544
25 6750
25 5460
25 6424
25 7238
25 7623
25 6840
25 7920
25 7347
25 6004
25 7533
25 7790
25 7626
25 7938
25 7052
25 7440
25 7410
25 7533
25 6478
25 7708
25 7802
25 6889
25 7708
25 7708
25 6384
25 7708
25 7776
25 7626
25 7872
25 6561
25 7812
25 7857
25 7225
25 8019
25 7938
25 6972
25 8051
25 8181
25 8632
25 7380
25 8466
25 8904
25 9010
25 7560
25 9256
25 9309
25 8700
25 9450
25 7110
25 6952
25 6952
25 7031
25 6864
25 6952
25 6942
25 6952
25 6952
25 7040
25 6873
25 6952
25 6952
25 6864
25 6942
25 7110
25 6942
25 5624
25 6864
25 6699
25 6450
25 6525
25 6750
25 6734
25 6750
25 6916
25 6636
25 6794
25 6794
25 7360
25 7098
25 6864
25 7020
25 7176
25 7347
25 6942
25 6930
25 6688
25 7020
25 6808
25 6900
25 6408
25 6630
25 6438
25 6840
25 6942
25 6764
25 6900
25 7125
25 7315
25 7144
25 6916
25 5472
25 7663
25 7623
25 6132
25 7600
25 8240
25 7663
25 8064
25 8000
25 8364
25 7380
25 7742
25 8585
25 7735
25 9048
25 8961
25 7830
25 9476
25 9660
25 9310
25 10152
25 10058
25 11058
25 9604
25 10961
25 11286
25 9900
25 11368
25 11880
25 12342
25 10767
25 13125
25 13716
25 12376
25 13824
25 13932
25 11187
25 13910
25 14388
25 14763
25 12840
25 15255
25 15368
25 13910
25 15618
25 16356
25 14763
25 17220
25 16800
25 15678
25 16940
25 16836
25 17080
25 14835
25 17082
25 16936
25 17052
25 15400
25 18056
25 17666
25 17374
25 15368
25 16848
25 16614
25 14652
25 16704
25 16215
25 14388
25 15232
25 15620
25 15568
25 13056
25 14256
25 13390
25 10998
25 14522
25 14595
25 12928
25 14734
25 12896
25 12669
25 12120
25 17136
25 18487
25 378
25 440
25 11544
25 11220
25 9700
25 10812
25 10989
25 10609
25 10752
25 10800
25 9975
25 9880
25 10464
25 10304
25 10545
25 9951
25 10355
25 9405
25 10735
25 10810
25 9690
25 9984
25 9579
25 9464
25 7743
25 10080
25 10465
25 8944
25 10260
25 9657
25 10146
25 9504
25 9657
25 9768
25 8910
25 9047
25 9180
25 9540
25 8800
25 9328
25 8188
25 9256
25 9202
25 9504
25 8526
25 9646
25 10472
25 8715
25 9856
25 9810
25 8550
25 9630
25 10830
25 9100
25 9720
25 9701
25 8910
25 9483
25 10010
25 9200
25 10146
25 10283
25 9400
25 10556
25 11011
25 9460
25 11160
25 10324
25 9976
25 8755
25 10120
25 8858
25 10502
25 10680
25 10736
25 10234
25 10527
25 9945
25 8652
25 10005
25 9794
25 8848
25 10234
25 10440
25 9095
25 11011
25 11102
25 9900
25 11346
25 10324
25 10920
25 9936
25 9856
25 8245
25 9976
25 10648
25 9680
25 11303
25 10285
25 10472
25 9095
25 9135
25 8613
25 7636
25 8645
25 8463
25 7728
25 8372
25 8645
25 8096
25 8900
25 9672
25 8836
25 10246
25 10416
25 9682
25 10396
25 10672
25 9416
25 9630
25 9844
25 9828
25 9393
25 9737
25 9765
25 8930
25 9464
25 9180
25 8190
25 9672
25 10450
25 9898
25 11067
25 11875
25 9890
25 11904
25 11875
25 9990
25 11931
25 11956
25 10560
25 665
25 665
25 700
25 10998
25 10904
25 10810
25 9880
25 10998
25 10856
25 10260
25 10440
25 684
25 10881
25 10058
25 10974
25 10788
25 9975
25 10374
25 10374
25 9568
25 9990
25 9900
25 8827
25 9828
25 10146
25 9434
25 10235
25 10260
25 10260
25 8888
25 10170
25 10283
25 9090
25 10283
25 10192
25 8918
25 10192
25 10101
25 8536
25 10192
25 9919
25 8554
25 9546
25 9632
25 10283
25 9588
25 10170
25 10384
25 9660
25 9856
25 10647
25 9464
25 10283
25 9744
25 8613
25 9775
25 10672
25 10058
25 10620
25 10647
25 10080
25 10647
25 11011
25 11346
25 9856
25 11592
25 10710
25 9240
25 10170
25 11468
25 10856
25 9568
25 10005
25 10057
25 8900
25 10120
25 10179
25 9048
25 10234
25 10179
25 9135
25 10296
25 10710
25 9416
25 10680
25 10890
25 9810
25 10800
25 10710
25 10465
25 9167
25 10120
25 10736
25 9180
25 9890
25 9660
25 8820
25 10384
25 10120
25 9900
25 10296
25 9632
25 8800
25 9831
25 9744
25 9350
25 8160
25 10030
25 9374
25 8245
25 9408
25 9804
25 8798
25 10148
25 9918
25 9630
25 9435
25 9010
25 8439
25 7979
25 7452
25 6480
25 6800
25 5476
25 5561
25 4047
25 3710
25 7221
25 7569
25 7998
25 7462
25 8188
25 8280
25 8463
25 7533
25 8370
25 8366
25 7742
25 8455
25 8640
25 7742
25 8004
25 8265
25 7650
25 9360
25 9555
25 9720
25 8439
25 9460
25 9657
25 9064
25 9657
25 9605
25 8624
25 10208
25 10030
25 8736
25 10115
25 8816
25 7950
25 9628
25 9660
25 9860
25 9504
25 8964
25 9222
25 8004
25 9462
25 9213
25 8800
25 9350
25 7920
25 9680
25 9379
25 8715
25 9102
25 9266
25 8058
25 9266
25 9628
25 9676
25 8320
25 9520
25 9768
25 8730
25 10502
25 10502
25 10005
25 9540
25 10120
25 9768
25 8342
25 10234
25 9860
25 8829
25 9660
25 9660
25 8568
25 9890
25 10062
25 10472
25 9990
25 10980
25 11375
25 10137
25 11532
25 11776
25 10260
25 11303
25 11776
25 10620
25 11500
25 10948
25 9256
25 9944
25 10591
25 9256
25 11088
25 11070
25 9900
25 10800
25 11011
25 11011
25 10057
25 10406
25 10858
25 11036
25 9632
25 11316
25 11070
25 10769
25 9744
25 10710
25 10324
25 10234
25 9350
25 11918
25 10944
25 10282
25 10925
25 11270
25 10165
25 10848
25 10101
25 8820
25 9828
25 9612
25 8613
25 9900
25 9483
25 8342
25 9265
25 663
25 8686
25 9184
25 9020
25 7857
25 9102
25 9460
25 8232
25 9879
25 10695
25 11270
25 9588
25 11615
25 11960
25 11286
25 8400
25 8580
25 7524
25 8393
25 8547
25 7828
25 9040
25 9153
25 8400
25 9213
25 8855
25 7992
25 9720
25 9430
25 8262
25 9660
25 9628
25 9558
25 8988
25 9775
25 9744
25 8748
25 10285
25 10527
25 9632
25 9856
25 10057
25 9373
25 9856
25 9879
25 9009
25 9632
25 10384
25 8988
25 10120
25 10440
25 9010
25 10472
25 10648
25 9520
25 9856
25 9680
25 8316
25 9768
25 9010
25 7636
25 9373
25 8232
25 7656
25 8178
25 8064
25 7569
25 7912
25 7740
25 6952
25 7476
25 7140
25 6642
25 5840
25 5313
25 4818
25 5504
25 4864
25 4940
25 5544
25 5865
25 5382
25 5934
25 5796
25 5073
25 5688
25 5751
25 6177
25 5934
25 6120
25 5712
25 5561
25 6417
25 5740
25 6150
25 6561
25 7310
25 7569
25 6786
25 7832
25 7832
25 7476
25 7189
25 6298
25 6450
25 6210
25 5874
25 5607
25 5518
25 5518
25 6016
25 6231
25 6132
25 6150
25 7565
25 7832
25 6930
25 7728
25 7553
25 6804
25 7544
25 7820
25 6873
25 8184
25 8455
25 7990
25 9270
25 8610
25 7872
25 9180
25 9657
25 9462
25 8888
25 9828
25 10320
25 9435
25 10148
25 10769
25 10324
25 10788
25 10875
25 10148
25 10680
25 9990
25 10320
25 10179
25 9657
25 10980
25 10092
25 9202
25 10120
25 10235
25 11280
25 9844
25 10948
25 10856
25 9434
25 10620
25 10800
25 9374
25 10769
25 10890
25 9900
25 11011
25 10920
25 9630
25 10890
25 11070
25 9324
25 11070
25 11132
25 9477
25 11439
25 11640
25 10235
25 9256
25 9718
25 12390
25 11232
25 12626
25 11021
25 12285
25 12733
25 12870
25 12540
25 12426
25 10000
25 12168
25 12987
25 9300
25 11716
25 11385
25 9464
25 11286
25 10670
25 10044
25 8832
25 10260
25 9964
25 8928
25 9309
25 9768
25 8722
25 9102
25 8848
25 7777
25 9918
25 9657
25 8910
25 10647
25 11252
25 12200
25 10788
25 9150
25 10370
25 8829
25 8190
25 8436
25 8424
25 8056
25 8904
25 8100
25 7680
25 7110
25 8075
25 8099
25 7268
25 8463
25 7650
25 8460
25 7872
25 8930
25 8245
25 8742
25 8928
25 8568
25 9919
25 9016
25 10179
25 10472
25 9434
25 9718
25 11616
25 11570
25 10680
25 11305
25 10434
25 10185
25 9682
25 8184
25 7040
25 7055
25 6708
25 6630
25 6873
25 7280
25 7332
25 5568
25 5002
25 5376
25 5070
25 5395
25 5184
25 5293
25 5576
25 5244
25 5226
25 4970
25 5680
25 5472
25 648
25 616
25 722
25 2240
25 2337
25 544
25 1682
25 2806
25 2772
25 1512
25 1404
25 1326
25 2684
25 2728
25 2562
25 2562
25 1350
25 1275
25 1250
25 1200
25 1176
25 2596
25 1173
25 1200
25 2052
25 1128
25 2067
25 2106
25 2090
25 2166
25 2090
25 2128
25 1242
25 1250
25 1925
25 1272
25 1248
25 1248
25 1176
25 9200
25 12800
25 12314
25 10492
25 13152
25 11776
25 11659
25 11880
25 11792
25 11926
25 12420
25 12104
25 12282
25 12558
25 12420
25 10935
25 12236
25 12328
25 12462
25 10988
25 11544
25 11544
25 11655
25 11770
25 12705
25 12705
25 8415
25 12495
25 12420
25 8272
25 11770
25 11556
25 11236
25 11342
25 11448
25 11448
25 7656
25 11663
25 11978
25 8372
25 12198
25 11984
25 8556
25 11988
25 11128
25 8008
25 11445
25 11124
25 11440
25 9408
25 11445
25 11770
25 11770
25 11445
25 14070
25 12000
25 13832
25 13728
25 11224
25 13125
25 12257
25 10120
25 12257
25 12084
25 10580
25 11663
25 13803
25 13038
25 11742
25 9810
25 11448
25 11009
25 9504
25 8514
25 8910
25 8010
25 7878
25 7623
25 10608
25 10609
25 9000
25 8736
25 11556
25 11236
25 9486
25 8928
25 8928
25 9016
25 8460
25 8526
25 10908
25 11385
25 9374
25 11186
25 11011
25 8295
25 11040
25 11305
25 9790
25 11439
25 11700
25 5084
25 4941
25 5040
25 4661
25 4880
25 5002
25 585
25 611
25 611
25 611
25 637
25 637
25 650
25 5644
25 663
25 6003
25 637
25 624
25 637
25 624
25 611
25 611
25 637
25 637
25 663
25 663
25 676
25 689
25 663
25 676
25 8112
25 7238
25 8034
25 7776
25 6952
25 7904
25 7725
25 7700
25 7315
25 7584
25 7802
25 8245
25 8463
25 8645
25 11110
25 11349
25 8856
25 11616
25 11931
25 10472
25 11978
25 12584
25 10010
25 12838
25 13580
25 14060
25 5850
25 5460
25 5124
25 4176
25 5185
25 5394
25 5355
25 4218
25 5394
25 5160
25 3657
25 5246
25 5481
25 4189
25 5727
25 13916
25 13500
25 11466
25 13344
25 13095
25 10668
25 12740
25 12546
25 10146
25 11648
25 12350
25 10824
25 12954
25 13054
25 10856
25 12296
25 11770
25 9900
25 11880
25 11880
25 9016
25 12210
25 8400
25 7840
25 8610
25 9047
25 8383
25 8910
25 11880
25 10010
25 12100
25 12508
25 13098
25 14756
25 12320
25 12319
25 13231
25 11543
25 12276
25 12928
25 10450
25 13100
25 13362
25 11880
25 13860
25 13965
25 11385
25 13832
25 14204
25 11088
25 14606
25 14985
25 11872
25 15820
25 17712
25 13986
25 17875
25 17589
25 13625
25 18432
25 18705
25 16625
25 19140
25 19140
25 19285
25 16851
25 19992
25 17931
25 20562
25 20536
25 20672
25 19980
25 20368
25 19737
25 18500
25 19866
25 19840
25 18204
25 20096
25 20640
25 18000
25 20800
25 20930
25 18422
25 21060
25 21615
25 19375
25 21746
25 22078
25 19750
25 22848
25 23153
25 23970
25 22680
25 23881
25 23460
25 21465
25 24047
25 24534
25 22140
25 24850
25 25056
25 23406
25 24795
25 23769
25 21896
25 24850
25 25276
25 23322
25 24111
25 24140
25 22240
25 24310
25 25098
25 22712
25 24780
25 22468
25 22701
25 22680
25 22680
25 20520
25 22379
25 24464
25 21384
25 23528
25 20769
25 22879
25 22842
25 22494
25 20305
25 22680
25 20349
25 22862
25 21840
25 19564
25 21840
25 21406
25 19296
25 21420
25 20925
25 21080
25 19564
25 21509
25 20961
25 21646
25 22331
25 22344
25 20096
25 21580
25 19250
25 21320
25 20500
25 20916
25 17936
25 20875
25 20750
25 18696
25 21414
25 21222
25 19032
25 21091
25 21413
25 19584
25 21842
25 20960
25 19584
25 21222
25 21384
25 20096
25 20769
25 21812
25 19530
25 21976
25 21648
25 19995
25 21648
25 21353
25 18480
25 21543
25 19625
25 21912
25 22110
25 21783
25 19710
25 21646
25 21390
25 19856
25 21700
25 19170
25 22022
25 21879
25 22032
25 20727
25 21879
25 19591
25 22484
25 22932
25 21021
25 22620
25 22152
25 22464
25 20824
25 22910
25 22594
25 20550
25 21372
25 21098
25 19240
25 21252
25 21235
25 18560
25 21060
25 20724
25 18669
25 20698
25 20930
25 20320
25 20736
25 19118
25 17760
25 18921
25 18997
25 17880
25 18910
25 19434
25 17880
25 18910
25 20328
25 18369
25 19352
25 18172
25 16416
25 18018
25 18054
25 15960
25 18135
25 18755
25 16675
25 17880
25 19200
25 16950
25 18564
25 19118
25 17464
25 588
25 18392
25 588
25 576
25 576
25 17582
25 611
25 18840
25 17700
25 18876
25 18480
25 17520
25 18513
25 18000
25 16704
25 17731
25 17433
25 15151
25 17199
25 17787
25 17568
25 16065
25 17255
