100 251.05498129864816
100 244.51092534215599
100 241.1287695615986
100 250.24943638890366
100 246.60384040280604
100 238.5130560007884
100 266.80241950030666
100 257.68369867990015
100 261.29447938861176
100 245.85013244086255
100 244.60396403459347
100 251.21002072344285
100 257.8385874660076
100 246.11713489481974
100 249.17503975641543
100 246.38338787646407
100 245.64688905554723
100 260.35158481432364
100 266.2141772248092
100 255.14579314669433
100 241.9668531585472
100 246.08555225597684
100 251.02598448310437
100 258.425472147725
100 251.00610482345795
100 239.81289838021505
100 249.18320215951286
100 249.05457049062557
100 252.55002101105381
100 245.39700120514044
100 239.06700652621325
100 249.29589795697655
100 242.98736463878555
100 246.27384089696073
100 241.55807864065517
100 245.459293483998
100 242.92606193470996
100 240.6486957480637
100 249.32776524632166
100 246.36822629652008
100 260.72935472324684
100 266.2505168954174
100 265.4264678759602
100 263.1647878713296
100 241.799949231456
100 245.63128920445686
100 254.92063172902044
100 258.8590232408228
100 242.3767560836575
100 240.81935021106972
100 240.77437756920432
100 247.66473230274067
100 251.7834741561154
100 252.18831905080805
100 252.0384722187161
100 246.0539777216903
100 243.3701055633677
100 265.6461480360654
100 260.94132544550365
100 250.7697232104691
100 238.69841940596157
100 243.09426568165281
100 246.11713489481974
100 264.51702427620626
100 263.12898218875205
100 260.02734011421126
100 255.04456382628157
100 243.84651761882068
100 243.21655353690502
100 256.50227585074043
100 266.91413613650207
100 245.6315535922062
100 250.87586054830098
100 245.5689096084924
100 243.87778874611726
100 262.4490115117171
100 262.03916283421705
100 243.46253767143227
100 238.67495239768638
100 240.92435173833266
100 239.71264015087684
100 248.12601516087483
100 258.149216336199
100 262.82442142727166
100 242.02022895443338
100 243.40099500274036
100 257.2972896356598
100 261.0643129738557
100 251.98949034216963
100 245.98342864041433
100 246.28978827995851
100 258.850214647146
100 258.650420705246
100 245.95214538373213
100 245.0504845969056
100 245.35821648365354
100 247.9591304542192
100 265.9393112853733
100 259.4502728431199
100 246.54096592127985
