50 113.5599271312427
50 111.56732239054837
50 109.79346369291042
50 107.91235687818327
50 106.42113982287727
50 105.87855508885865
50 104.87062417860568
50 103.122432130787
50 106.82817866060586
50 107.01333097883997
50 109.98772153546838
50 110.3713134078511
50 106.70799321318353
50 110.96347841163518
50 109.31057234086144
50 109.3737547355993
50 110.62379412938505
50 105.52582371696589
50 104.78301083169056
50 104.34200197006406
50 104.85074846062983
50 107.10182504341894
50 109.45937167755204
50 108.54667831970634
50 105.38216670178439
50 110.61902167424839
50 110.84624974837479
50 107.81497971112466
50 107.28702004633362
50 104.32084773227345
50 104.4351874092001
50 106.02627884525047
50 107.78641173553707
50 110.78603406886928
50 110.02717549459848
50 107.52450775820988
50 105.43496924499885
50 105.7281073292782
50 108.19990322264266
50 109.77270801610005
50 109.4779606933659
50 104.47331649642
50 106.76620390885255
50 108.10738379846973
50 108.7638569336959
50 106.44608388306445
50 109.70827285702336
50 115.42178184398841
50 114.26419819070243
50 112.673926408149
50 115.39300867636322
50 118.95069262061011
50 116.65968751410378
50 113.77314257567286
50 114.87655071190181
50 114.82938264686386
50 118.97624303376313
50 114.01369843068436
50 116.28749211344642
50 114.98392144089804
50 113.21502491745447
50 113.80389431249822
50 114.3425763541837
50 115.87781558305052
50 120.22596556930169
50 120.79515004568839
50 118.32916060770215
50 120.097019482235
50 114.143777687158
50 114.03432251502564
50 115.14178143676106
50 117.30444742646773
50 120.73552349374795
50 113.2724567623325
50 112.33282876008451
50 116.35146556639327
50 114.2948725287054
50 118.38938147803226
50 112.93918821706264
50 115.34121813132411
50 111.64291710731459
50 113.9524968232988
50 118.77418651125141
50 118.00211916866657
50 118.51314610545239
50 113.54851330092207
50 118.29113211197998
50 117.6704486399474
50 116.62522756462486
50 119.08234493759517
50 114.43598028145648
50 114.81274434111829
50 116.81710251990718
50 118.61725182129801
50 115.92355245775872
50 119.48356031450002
50 114.07867246429473
50 114.28994979066448
50 114.54109135839437
50 114.55184309185567
