25 45.77316181043652
25 45.546147257807256
25 45.654515064605285
25 45.76939786383691
25 45.90620990374809
25 45.7613028862616
25 45.61705705101992
25 45.91437932852692
25 45.99650263721748
25 46.015951989285995
25 45.825636871186255
25 46.16504689179439
25 46.13585299522536
25 46.034763099021035
25 46.155667779279156
25 46.314951294556586
25 46.0066936421459
25 46.05730282830861
25 46.21502720040939
25 45.920440158273514
25 46.00349861468113
25 46.13771850766905
25 46.20014146884515
25 46.30149477563294
25 45.93846117169217
25 46.120114077875826
25 46.08804945509907
25 46.2028213153088
25 46.005928464530975
25 46.15277404914203
25 46.01500093524142
25 45.93977898440891
25 46.0552672144081
25 46.15954688029135
25 46.04253709125068
25 46.11028270648343
25 46.13602088516761
25 46.21504591886795
25 46.188658597289276
25 46.06092833975286
25 46.10587625806125
25 46.10297013992553
25 45.817301216861445
25 46.152937395212106
25 46.12667220881283
25 46.080492706806645
25 46.06167675356758
25 45.99895492784005
25 46.09527814697467
25 45.98631614613576
25 46.03787888219809
25 45.92932179380592
25 46.23915851817426
25 45.88626268377332
25 46.14353054596202
25 45.99389765459454
25 46.03570104004679
25 45.947900228649374
25 45.933204544921296
25 45.99612716778569
25 46.14249024212157
25 46.084210280038235
25 45.99893638401867
25 46.31168511475082
25 46.09774563745643
25 45.82920299161897
25 45.98262824756054
25 46.02500056687067
25 46.065809737368745
25 46.06870652237704
25 46.19348762740122
25 46.00796899473478
25 46.13307832454885
25 46.03107206863628
25 45.89353896402944
25 46.245272600283926
25 46.09809017601258
25 46.09187530575787
25 46.07615707128427
25 46.003623810596075
25 46.16529437643401
25 46.089166426138064
25 45.788894461792175
25 46.05710297696906
25 46.08868239870727
25 45.92224670590372
25 45.94091190139063
25 45.971105060827455
25 45.864655080747866
25 45.83338181047051
25 45.80279006383615
25 45.96036516946389
25 45.843017167541845
25 45.861770074439974
25 45.942257601917355
25 45.84784327375827
25 45.92076819088763
25 45.92347579397665
25 45.87118224900339
25 45.925361139627675
