0.1 106.01 -0.25
0.1 105.97 -0.25
0.1 105.97 -0.25
0.1 105.96 -0.25
0.1 105.96 -0.25
0.1 105.96 -0.25
0.1 106.01 -0.25
0.1 106.01 -0.25
0.1 106.07 -0.25
0.1 106.07 -0.25
0.1 106.13 -0.25
0.1 106.13 -0.25
0.1 106.13 -0.25
0.1 106.21 -0.25
0.1 106.21 -0.25
0.1 106.29 -0.25
0.1 106.29 -0.25
0.1 106.29 -0.25
0.1 106.35 -0.25
0.1 106.35 -0.25
0.1 106.42 -0.25
0.1 106.42 -0.25
0.1 106.48 -0.25
0.1 106.48 -0.25
0.1 106.48 -0.25
0.1 106.51 -0.25
0.1 106.51 -0.25
0.1 106.55 -0.25
0.1 106.55 -0.25
0.1 106.55 -0.25
0.1 106.62 -0.25
0.1 106.62 -0.25
0.1 106.68 -0.25
0.1 106.68 -0.25
0.1 106.68 -0.25
0.1 106.75 -0.25
0.1 106.75 -0.25
0.1 106.81 -0.25
0.1 106.81 -0.25
0.1 106.86 -0.25
0.1 106.86 -0.25
0.1 106.86 -0.25
0.1 106.91 -0.25
0.1 106.91 -0.25
0.1 106.95 -0.25
0.1 106.95 -0.25
0.1 106.95 -0.25
0.1 107.0 -0.25
0.1 107.0 -0.25
0.1 107.03 -0.25
0.1 107.03 -0.25
0.1 107.09 -0.25
0.1 107.09 -0.25
0.1 107.16 -0.25
0.1 107.16 -0.25
0.1 107.16 -0.25
0.1 107.22 -0.25
0.1 107.22 -0.25
0.1 107.27 -0.25
0.1 107.27 -0.25
0.1 107.33 -0.25
0.1 107.33 -0.25
0.1 107.33 -0.25
0.1 107.4 -0.25
0.1 107.4 -0.25
0.1 107.46 -0.25
0.1 107.46 -0.25
0.1 107.46 -0.25
0.1 107.52 -0.25
0.1 107.52 -0.25
0.1 107.59 -0.25
0.1 107.59 -0.25
0.1 107.59 -0.25
0.1 107.66 -0.25
0.1 107.66 -0.25
0.1 107.74 -0.25
0.1 107.74 -0.25
0.1 107.82 -0.25
0.1 107.82 -0.25
0.1 107.82 -0.25
0.1 107.9 -0.25
0.1 107.9 -0.25
0.1 107.98 -0.25
0.1 107.98 -0.25
0.1 107.98 -0.25
0.1 108.06 -0.25
0.1 108.06 -0.25
0.1 108.11 -0.25
0.1 108.11 -0.25
0.1 108.16 -0.25
0.1 108.16 -0.25
0.1 108.16 -0.25
0.1 108.2 -0.25
0.1 108.2 -0.25
0.1 108.25 -0.25
0.1 108.25 -0.25
0.1 108.25 -0.25
0.1 108.3 -0.25
0.1 108.3 -0.25
0.1 108.37 -0.25
