0.1 105.54 -0.2
0.1 105.54 -0.2
0.1 105.46 -0.2
0.1 105.46 -0.2
0.1 105.46 -0.2
0.1 105.41 -0.2
0.1 105.41 -0.2
0.1 105.43 -0.2
0.1 105.43 -0.2
0.1 105.43 -0.2
0.1 105.51 -0.2
0.1 105.51 -0.2
0.1 105.59 -0.2
0.1 105.59 -0.2
0.1 105.68 -0.2
0.1 105.68 -0.2
0.1 105.68 -0.2
0.1 105.76 -0.2
0.1 105.76 -0.2
0.1 105.82 -0.2
0.1 105.82 -0.2
0.1 105.82 -0.2
0.1 105.86 -0.2
0.1 105.86 -0.2
0.1 105.89 -0.2
0.1 105.89 -0.2
0.1 105.89 -0.2
0.1 105.93 -0.2
0.1 105.93 -0.2
0.1 105.96 -0.2
0.1 105.96 -0.2
0.1 106.0 -0.2
0.1 106.0 -0.2
0.1 106.0 -0.2
0.1 106.04 -0.2
0.1 106.04 -0.2
0.1 106.09 -0.2
0.1 106.09 -0.2
0.1 106.09 -0.2
0.1 106.14 -0.2
0.1 106.14 -0.2
0.1 106.18 -0.2
0.1 106.18 -0.2
0.1 106.18 -0.2
0.1 106.23 -0.2
0.1 106.23 -0.2
0.1 106.28 -0.2
0.1 106.28 -0.2
0.1 106.32 -0.2
0.1 106.32 -0.2
0.1 106.37 -0.2
0.1 106.37 -0.2
0.1 106.37 -0.2
0.1 106.43 -0.2
0.1 106.43 -0.2
0.1 106.47 -0.2
0.1 106.47 -0.2
0.1 106.47 -0.2
0.1 106.52 -0.2
0.1 106.52 -0.2
0.1 106.56 -0.2
0.1 106.56 -0.2
0.1 106.61 -0.2
0.1 106.61 -0.2
0.1 106.61 -0.2
0.1 106.67 -0.2
0.1 106.67 -0.2
0.1 106.72 -0.2
0.1 106.72 -0.2
0.1 106.72 -0.2
0.1 106.76 -0.2
0.1 106.76 -0.2
0.1 106.81 -0.2
0.1 106.81 -0.2
0.1 106.81 -0.2
0.1 106.85 -0.2
0.1 106.85 -0.2
0.1 106.9 -0.2
0.1 106.9 -0.2
0.1 106.95 -0.2
0.1 106.95 -0.2
0.1 106.95 -0.2
0.1 106.99 -0.2
0.1 106.99 -0.2
0.1 107.04 -0.2
0.1 107.04 -0.2
0.1 107.04 -0.2
0.1 107.09 -0.2
0.1 107.09 -0.2
0.1 107.14 -0.2
0.1 107.14 -0.2
0.1 107.14 -0.2
0.1 107.18 -0.2
0.1 107.18 -0.2
0.1 107.23 -0.2
0.1 107.23 -0.2
0.1 107.27 -0.2
0.1 107.27 -0.2
0.1 107.27 -0.2
0.1 107.32 -0.2
