0.1 105.52 -0.15
0.1 105.52 -0.15
0.1 105.5 -0.15
0.1 105.5 -0.15
0.1 105.5 -0.15
0.1 105.51 -0.15
0.1 105.51 -0.15
0.1 105.55 -0.15
0.1 105.55 -0.15
0.1 105.59 -0.15
0.1 105.59 -0.15
0.1 105.59 -0.15
0.1 105.63 -0.15
0.1 105.63 -0.15
0.1 105.67 -0.15
0.1 105.67 -0.15
0.1 105.67 -0.15
0.1 105.71 -0.15
0.1 105.71 -0.15
0.1 105.75 -0.15
0.1 105.75 -0.15
0.1 105.75 -0.15
0.1 105.79 -0.15
0.1 105.79 -0.15
0.1 105.82 -0.15
0.1 105.82 -0.15
0.1 105.85 -0.15
0.1 105.85 -0.15
0.1 105.85 -0.15
0.1 105.88 -0.15
0.1 105.88 -0.15
0.1 105.92 -0.15
0.1 105.92 -0.15
0.1 105.92 -0.15
0.1 105.96 -0.15
0.1 105.96 -0.15
0.1 105.99 -0.15
0.1 105.99 -0.15
0.1 105.99 -0.15
0.1 106.02 -0.15
0.1 106.02 -0.15
0.1 106.04 -0.15
0.1 106.04 -0.15
0.1 106.08 -0.15
0.1 106.08 -0.15
0.1 106.08 -0.15
0.1 106.11 -0.15
0.1 106.11 -0.15
0.1 106.16 -0.15
0.1 106.16 -0.15
0.1 106.22 -0.15
0.1 106.22 -0.15
0.1 106.22 -0.15
0.1 106.26 -0.15
0.1 106.26 -0.15
0.1 106.3 -0.15
0.1 106.3 -0.15
0.1 106.3 -0.15
0.1 106.34 -0.15
0.1 106.34 -0.15
0.1 106.37 -0.15
0.1 106.37 -0.15
0.1 106.41 -0.15
0.1 106.41 -0.15
0.1 106.41 -0.15
0.1 106.45 -0.15
0.1 106.45 -0.15
0.1 106.49 -0.15
0.1 106.49 -0.15
0.1 106.49 -0.15
0.1 106.53 -0.15
0.1 106.53 -0.15
0.1 106.56 -0.15
0.1 106.56 -0.15
0.1 106.59 -0.15
0.1 106.59 -0.15
0.1 106.59 -0.15
0.1 106.62 -0.15
0.1 106.62 -0.15
0.1 106.65 -0.15
0.1 106.65 -0.15
0.1 106.65 -0.15
0.1 106.68 -0.15
0.1 106.68 -0.15
0.1 106.73 -0.15
0.1 106.73 -0.15
0.1 106.77 -0.15
0.1 106.77 -0.15
0.1 106.77 -0.15
0.1 106.81 -0.15
0.1 106.81 -0.15
0.1 106.85 -0.15
0.1 106.85 -0.15
0.1 106.85 -0.15
0.1 106.89 -0.15
0.1 106.89 -0.15
0.1 106.92 -0.15
0.1 106.92 -0.15
0.1 106.92 -0.15
0.1 106.94 -0.15
