0.05 100.35 -0.1
0.05 100.3 -0.1
0.05 100.3 -0.1
0.05 100.3 -0.1
0.05 100.3 -0.1
0.05 100.3 -0.1
0.05 100.26 -0.1
0.05 100.26 -0.1
0.05 100.26 -0.1
0.05 100.26 -0.1
0.05 100.26 -0.1
0.05 100.23 -0.1
0.05 100.23 -0.1
0.05 100.23 -0.1
0.05 100.23 -0.1
0.05 100.21 -0.1
0.05 100.21 -0.1
0.05 100.21 -0.1
0.05 100.21 -0.1
0.05 100.21 -0.1
0.05 100.21 -0.1
0.05 100.21 -0.1
0.05 100.21 -0.1
0.05 100.21 -0.1
0.05 100.21 -0.1
0.05 100.23 -0.1
0.05 100.23 -0.1
0.05 100.23 -0.1
0.05 100.23 -0.1
0.05 100.27 -0.1
0.05 100.27 -0.1
0.05 100.27 -0.1
0.05 100.27 -0.1
0.05 100.27 -0.1
0.05 100.29 -0.1
0.05 100.29 -0.1
0.05 100.29 -0.1
0.05 100.29 -0.1
0.05 100.29 -0.1
0.05 100.31 -0.1
0.05 100.31 -0.1
0.05 100.31 -0.1
0.05 100.31 -0.1
0.05 100.31 -0.1
0.05 100.34 -0.1
0.05 100.34 -0.1
0.05 100.34 -0.1
0.05 100.34 -0.1
0.05 100.34 -0.1
0.05 100.37 -0.1
0.05 100.37 -0.1
0.05 100.37 -0.1
0.05 100.37 -0.1
0.05 100.39 -0.1
0.05 100.39 -0.1
0.05 100.39 -0.1
0.05 100.39 -0.1
0.05 100.39 -0.1
0.05 100.41 -0.1
0.05 100.41 -0.1
0.05 100.41 -0.1
0.05 100.41 -0.1
0.05 100.41 -0.1
0.05 100.44 -0.1
0.05 100.44 -0.1
0.05 100.44 -0.1
0.05 100.44 -0.1
0.05 100.44 -0.1
0.05 100.48 -0.1
0.05 100.48 -0.1
0.05 100.48 -0.1
0.05 100.48 -0.1
0.05 100.52 -0.1
0.05 100.52 -0.1
0.05 100.52 -0.1
0.05 100.52 -0.1
0.05 100.52 -0.1
0.05 100.55 -0.1
0.05 100.55 -0.1
0.05 100.55 -0.1
0.05 100.55 -0.1
0.05 100.55 -0.1
0.05 100.58 -0.1
0.05 100.58 -0.1
0.05 100.58 -0.1
0.05 100.58 -0.1
0.05 100.58 -0.1
0.05 100.62 -0.1
0.05 100.62 -0.1
0.05 100.62 -0.1
0.05 100.62 -0.1
0.05 100.65 -0.1
0.05 100.65 -0.1
0.05 100.65 -0.1
0.05 100.65 -0.1
0.05 100.65 -0.1
0.05 100.68 -0.1
0.05 100.68 -0.1
0.05 100.68 -0.1
0.05 100.72 -0.1
