0.01 99.81 -0.1
0.01 99.81 -0.1
0.01 99.81 -0.1
0.01 99.81 -0.1
0.01 99.81 -0.1
0.01 99.81 -0.1
0.01 99.81 -0.1
0.01 99.81 -0.1
0.01 99.81 -0.1
0.01 99.81 -0.1
0.01 99.81 -0.1
0.01 99.81 -0.1
0.01 99.81 -0.1
0.01 99.81 -0.1
0.01 99.81 -0.1
0.01 99.81 -0.1
0.01 99.75 -0.1
0.01 99.75 -0.1
0.01 99.75 -0.1
0.01 99.75 -0.1
0.01 99.75 -0.1
0.01 99.75 -0.1
0.01 99.75 -0.1
0.01 99.75 -0.1
0.01 99.75 -0.1
0.01 99.75 -0.1
0.01 99.75 -0.1
0.01 99.75 -0.1
0.01 99.75 -0.1
0.01 99.75 -0.1
0.01 99.75 -0.1
0.01 99.75 -0.1
0.01 99.75 -0.1
0.01 99.75 -0.1
0.01 99.75 -0.1
0.01 99.75 -0.1
0.01 99.75 -0.1
0.01 99.71 -0.1
0.01 99.71 -0.1
0.01 99.71 -0.1
0.01 99.71 -0.1
0.01 99.71 -0.1
0.01 99.71 -0.1
0.01 99.71 -0.1
0.01 99.71 -0.1
0.01 99.71 -0.1
0.01 99.71 -0.1
0.01 99.71 -0.1
0.01 99.71 -0.1
0.01 99.71 -0.1
0.01 99.71 -0.1
0.01 99.71 -0.1
0.01 99.71 -0.1
0.01 99.71 -0.1
0.01 99.71 -0.1
0.01 99.71 -0.1
0.01 99.71 -0.1
0.01 99.71 -0.1
0.01 99.72 -0.1
0.01 99.72 -0.1
0.01 99.72 -0.1
0.01 99.72 -0.1
0.01 99.72 -0.1
0.01 99.72 -0.1
0.01 99.72 -0.1
0.01 99.72 -0.1
0.01 99.72 -0.1
0.01 99.72 -0.1
0.01 99.72 -0.1
0.01 99.72 -0.1
0.01 99.72 -0.1
0.01 99.72 -0.1
0.01 99.72 -0.1
0.01 99.72 -0.1
0.01 99.72 -0.1
0.01 99.72 -0.1
0.01 99.72 -0.1
0.01 99.72 -0.1
0.01 99.76 -0.1
0.01 99.76 -0.1
0.01 99.76 -0.1
0.01 99.76 -0.1
0.01 99.76 -0.1
0.01 99.76 -0.1
0.01 99.76 -0.1
0.01 99.76 -0.1
0.01 99.76 -0.1
0.01 99.76 -0.1
0.01 99.76 -0.1
0.01 99.76 -0.1
0.01 99.76 -0.1
0.01 99.76 -0.1
0.01 99.76 -0.1
0.01 99.76 -0.1
0.01 99.76 -0.1
0.01 99.76 -0.1
0.01 99.76 -0.1
0.01 99.76 -0.1
0.01 99.76 -0.1
0.01 99.84 -0.1
