0.5 99.05 -0.1
0.5 98.94 -0.1
0.5 98.97 -0.1
0.5 99.08 -0.1
0.5 99.18 -0.1
0.5 99.24 -0.1
0.5 99.27 -0.1
0.5 99.3 -0.1
0.5 99.33 -0.1
0.5 99.36 -0.1
0.5 99.4 -0.1
0.5 99.41 -0.1
0.5 99.45 -0.1
0.5 99.51 -0.1
0.5 99.59 -0.1
0.5 99.65 -0.1
0.5 99.72 -0.1
0.5 99.77 -0.1
0.5 99.79 -0.1
0.5 99.84 -0.1
0.5 99.91 -0.1
0.5 99.95 -0.1
0.5 99.99 -0.1
0.5 100.07 -0.1
0.5 100.16 -0.1
0.5 100.22 -0.1
0.5 100.22 -0.1
0.5 100.19 -0.1
0.5 100.16 -0.1
0.5 100.22 -0.1
0.5 100.27 -0.1
0.5 100.32 -0.1
0.5 100.37 -0.1
0.5 100.42 -0.1
0.5 100.48 -0.1
0.5 100.54 -0.1
0.5 100.57 -0.1
0.5 100.63 -0.1
0.5 100.68 -0.1
0.5 100.7 -0.1
0.5 100.72 -0.1
0.5 100.74 -0.1
0.5 100.83 -0.1
0.5 100.88 -0.1
0.5 100.97 -0.1
0.5 101.0 -0.1
0.5 101.05 -0.1
0.5 101.1 -0.1
0.5 101.14 -0.1
0.5 101.16 -0.1
0.5 101.16 -0.1
0.5 101.18 -0.1
0.5 101.23 -0.1
0.5 101.29 -0.1
0.5 101.36 -0.1
0.5 101.43 -0.1
0.5 101.5 -0.1
0.5 101.58 -0.1
0.5 101.65 -0.1
0.5 101.7 -0.1
0.5 101.72 -0.1
0.5 101.74 -0.1
0.5 101.76 -0.1
0.5 101.79 -0.1
0.5 101.85 -0.1
0.5 101.91 -0.1
0.5 101.96 -0.1
0.5 102.03 -0.1
0.5 102.12 -0.1
0.5 102.2 -0.1
0.5 102.28 -0.1
0.5 102.32 -0.1
0.5 102.34 -0.1
0.5 102.36 -0.1
0.5 102.42 -0.1
0.5 102.43 -0.1
0.5 102.46 -0.1
0.5 102.49 -0.1
0.5 102.53 -0.1
0.5 102.57 -0.1
0.5 102.6 -0.1
0.5 102.66 -0.1
0.5 102.74 -0.1
0.5 102.81 -0.1
0.5 102.86 -0.1
0.5 102.9 -0.1
0.5 102.94 -0.1
0.5 103.0 -0.1
0.5 103.08 -0.1
0.5 103.14 -0.1
0.5 103.14 -0.1
0.5 103.13 -0.1
0.5 103.13 -0.1
0.5 103.16 -0.1
0.5 103.22 -0.1
0.5 103.33 -0.1
0.5 103.39 -0.1
0.5 103.43 -0.1
0.5 103.46 -0.1
0.5 103.52 -0.1
