0.1 99.21 -0.1
0.1 99.21 -0.1
0.1 99.13 -0.1
0.1 99.13 -0.1
0.1 99.13 -0.1
0.1 99.1 -0.1
0.1 99.1 -0.1
0.1 99.14 -0.1
0.1 99.14 -0.1
0.1 99.24 -0.1
0.1 99.24 -0.1
0.1 99.24 -0.1
0.1 99.35 -0.1
0.1 99.35 -0.1
0.1 99.44 -0.1
0.1 99.44 -0.1
0.1 99.44 -0.1
0.1 99.5 -0.1
0.1 99.5 -0.1
0.1 99.53 -0.1
0.1 99.53 -0.1
0.1 99.53 -0.1
0.1 99.54 -0.1
0.1 99.54 -0.1
0.1 99.53 -0.1
0.1 99.53 -0.1
0.1 99.53 -0.1
0.1 99.53 -0.1
0.1 99.53 -0.1
0.1 99.52 -0.1
0.1 99.52 -0.1
0.1 99.5 -0.1
0.1 99.5 -0.1
0.1 99.5 -0.1
0.1 99.5 -0.1
0.1 99.5 -0.1
0.1 99.51 -0.1
0.1 99.51 -0.1
0.1 99.53 -0.1
0.1 99.53 -0.1
0.1 99.55 -0.1
0.1 99.55 -0.1
0.1 99.55 -0.1
0.1 99.57 -0.1
0.1 99.57 -0.1
0.1 99.6 -0.1
0.1 99.6 -0.1
0.1 99.6 -0.1
0.1 99.61 -0.1
0.1 99.61 -0.1
0.1 99.62 -0.1
0.1 99.62 -0.1
0.1 99.62 -0.1
0.1 99.63 -0.1
0.1 99.63 -0.1
0.1 99.64 -0.1
0.1 99.64 -0.1
0.1 99.66 -0.1
0.1 99.66 -0.1
0.1 99.66 -0.1
0.1 99.68 -0.1
0.1 99.68 -0.1
0.1 99.7 -0.1
0.1 99.7 -0.1
0.1 99.7 -0.1
0.1 99.71 -0.1
0.1 99.71 -0.1
0.1 99.73 -0.1
0.1 99.73 -0.1
0.1 99.73 -0.1
0.1 99.74 -0.1
0.1 99.74 -0.1
0.1 99.75 -0.1
0.1 99.75 -0.1
0.1 99.77 -0.1
0.1 99.77 -0.1
0.1 99.77 -0.1
0.1 99.8 -0.1
0.1 99.8 -0.1
0.1 99.82 -0.1
0.1 99.82 -0.1
0.1 99.85 -0.1
0.1 99.85 -0.1
0.1 99.85 -0.1
0.1 99.89 -0.1
0.1 99.89 -0.1
0.1 99.92 -0.1
0.1 99.92 -0.1
0.1 99.96 -0.1
0.1 99.96 -0.1
0.1 99.96 -0.1
0.1 99.99 -0.1
0.1 99.99 -0.1
0.1 100.01 -0.1
0.1 100.01 -0.1
0.1 100.01 -0.1
0.1 100.03 -0.1
0.1 100.03 -0.1
0.1 100.04 -0.1
0.1 100.04 -0.1
