0 0.055397987365722656
1 0.02342677116394043
2 0.022805213928222656
3 0.029666662216186523
4 0.030314922332763672
5 0.03094959259033203
6 0.02898383140563965
7 0.031224489212036133
8 0.030140161514282227
9 0.028690576553344727
10 0.029245615005493164
11 0.030152320861816406
12 0.029742002487182617
13 0.027985095977783203
14 0.028854846954345703
15 0.029137134552001953
16 0.028743743896484375
17 0.028610944747924805
18 0.028774499893188477
19 0.03031468391418457
20 0.03026604652404785
21 0.028757572174072266
22 0.028485774993896484
23 0.028095722198486328
24 0.02662348747253418
25 0.024842262268066406
26 0.0251157283782959
27 0.024061918258666992
28 0.0242154598236084
29 0.02541375160217285
30 0.02377796173095703
31 0.023944616317749023
32 0.03296804428100586
33 0.024541139602661133
34 0.025619029998779297
35 0.02569580078125
36 0.024532556533813477
37 0.026494503021240234
38 0.024804353713989258
39 0.025216341018676758
40 0.026065587997436523
41 0.03264212608337402
42 0.02438807487487793
43 0.024656057357788086
44 0.02484893798828125
45 0.025150537490844727
46 0.0254061222076416
47 0.02417302131652832
48 0.02593827247619629
49 0.024952411651611328
50 0.027344465255737305
51 0.026365995407104492
52 0.0236968994140625
53 0.024867534637451172
54 0.025072336196899414
55 0.025584936141967773
56 0.023958206176757812
57 0.025910139083862305
58 0.02474832534790039
59 0.023760318756103516
60 0.023280858993530273
61 0.025313138961791992
62 0.024432897567749023
63 0.02923130989074707
64 0.0267331600189209
65 0.02543950080871582
66 0.024493694305419922
67 0.025637388229370117
68 0.02552652359008789
69 0.024392127990722656
70 0.024808168411254883
71 0.024565696716308594
72 0.025835514068603516
73 0.03275632858276367
74 0.02375173568725586
75 0.02448725700378418
76 0.024280548095703125
77 0.024831533432006836
78 0.026204586029052734
79 0.025376558303833008
80 0.024082422256469727
81 0.025604724884033203
82 0.031348466873168945
83 0.025168418884277344
84 0.025541067123413086
85 0.024373292922973633
86 0.02507781982421875
87 0.02359771728515625
88 0.025810956954956055
89 0.026211977005004883
90 0.023735523223876953
91 0.024903297424316406
92 0.024561643600463867
93 0.024396181106567383
94 0.025875568389892578
95 0.023662567138671875
96 0.024280786514282227
97 0.024233579635620117
98 0.024992704391479492
99 0.02396225929260254
