0 0.0610353946685791
1 0.06273746490478516
2 0.042528390884399414
3 0.018723726272583008
4 0.01858830451965332
5 0.019832134246826172
6 0.023198366165161133
7 0.022183656692504883
8 0.02118515968322754
9 0.02205491065979004
10 0.021894454956054688
11 0.021243572235107422
12 0.021842241287231445
13 0.021078109741210938
14 0.022231340408325195
15 0.021097421646118164
16 0.020917654037475586
17 0.02286386489868164
18 0.021012306213378906
19 0.020003318786621094
20 0.0202181339263916
21 0.019230365753173828
22 0.01879739761352539
23 0.019102096557617188
24 0.019797086715698242
25 0.01891922950744629
26 0.019846200942993164
27 0.018948793411254883
28 0.019014835357666016
29 0.021428823471069336
30 0.0205533504486084
31 0.018416404724121094
32 0.018373489379882812
33 0.018134117126464844
34 0.01892256736755371
35 0.019698143005371094
36 0.01853656768798828
37 0.020880699157714844
38 0.018642902374267578
39 0.019773483276367188
40 0.01909160614013672
41 0.019083738327026367
42 0.025856733322143555
43 0.0198514461517334
44 0.0187225341796875
45 0.01844620704650879
46 0.018424034118652344
47 0.019234180450439453
48 0.018953800201416016
49 0.018390417098999023
50 0.018341541290283203
51 0.018831729888916016
52 0.01889324188232422
53 0.019320964813232422
54 0.019542217254638672
55 0.01912093162536621
56 0.018419742584228516
57 0.01920318603515625
58 0.019016027450561523
59 0.018596649169921875
60 0.019149303436279297
61 0.01861429214477539
62 0.0192568302154541
63 0.019098281860351562
64 0.018257856369018555
65 0.01851677894592285
66 0.02010059356689453
67 0.021271944046020508
68 0.01892232894897461
69 0.019240856170654297
70 0.020304441452026367
71 0.01909017562866211
72 0.018883943557739258
73 0.01822662353515625
74 0.018444299697875977
75 0.018160104751586914
76 0.01819157600402832
77 0.019417524337768555
78 0.01834249496459961
79 0.022485733032226562
80 0.019371509552001953
81 0.018445253372192383
82 0.01886725425720215
83 0.018854379653930664
84 0.019079923629760742
85 0.019774675369262695
86 0.019089221954345703
87 0.019185304641723633
88 0.0193789005279541
89 0.01850581169128418
90 0.018596887588500977
91 0.01925349235534668
92 0.020078420639038086
93 0.018375396728515625
94 0.018676280975341797
95 0.019159317016601562
96 0.018667936325073242
97 0.018384933471679688
98 0.018459558486938477
99 0.01840949058532715
