0 0.61536
1 0.77824
2 0.94208
3 1.10592
4 1.2288
5 1.35168
6 1.47456
7 1.59744
8 1.67936
9 1.76128
10 1.88416
11 1.96608
12 2.048
13 2.12992
14 2.21184
15 2.2528
16 2.33472
17 2.37568
18 2.4576
19 2.49856
20 2.53952
21 2.58048
22 2.6624
23 2.74432
24 2.78528
25 2.82624
26 2.8672
27 2.90816
28 2.99008
29 3.03104
30 3.072
31 3.072
32 3.072
33 3.072
34 3.072
35 3.072
36 3.11296
37 3.15392
38 3.19488
39 3.23584
40 3.23584
41 3.2768
42 3.31776
43 3.31776
44 3.35872
45 3.39968
46 3.39968
47 3.39968
48 3.44064
49 3.44064
50 3.4816
51 3.4816
52 3.4816
53 3.52256
54 3.52256
55 3.56352
56 3.56352
57 3.56352
58 3.56352
59 3.56352
60 3.56352
61 3.60448
62 3.60448
63 3.60448
64 3.64544
65 3.64544
66 3.64544
67 3.64544
68 3.64544
69 3.64544
70 3.64544
71 3.6864
72 3.64544
73 3.64544
74 3.6864
75 3.6864
76 3.6864
77 3.6864
78 3.72736
79 3.72736
80 3.72736
81 3.72736
82 3.72736
83 3.72736
84 3.76832
85 3.76832
86 3.76832
87 3.76832
88 3.80928
89 3.80928
90 3.80928
91 3.80928
92 3.80928
93 3.80928
94 3.80928
95 3.80928
96 3.80928
97 3.76832
98 3.76832
99 3.80928
