0 0.06274795532226562
1 0.029650449752807617
2 0.018490314483642578
3 0.024769306182861328
4 0.026552915573120117
5 0.02513885498046875
6 0.02570343017578125
7 0.026808738708496094
8 0.026598453521728516
9 0.025101184844970703
10 0.025531530380249023
11 0.02545022964477539
12 0.026282072067260742
13 0.025649309158325195
14 0.025252819061279297
15 0.027451276779174805
16 0.031807899475097656
17 0.027185440063476562
18 0.025895118713378906
19 0.02559971809387207
20 0.026599407196044922
21 0.023418188095092773
22 0.02052760124206543
23 0.02118372917175293
24 0.020636558532714844
25 0.0215606689453125
26 0.023261308670043945
27 0.022507429122924805
28 0.022751808166503906
29 0.02056121826171875
30 0.021127939224243164
31 0.021048784255981445
32 0.02099132537841797
33 0.020766496658325195
34 0.0212404727935791
35 0.021311283111572266
36 0.021730661392211914
37 0.02258157730102539
38 0.025630950927734375
39 0.022069692611694336
40 0.021827220916748047
41 0.02200007438659668
42 0.022110700607299805
43 0.02200937271118164
44 0.021497249603271484
45 0.022660493850708008
46 0.021348953247070312
47 0.021973609924316406
48 0.02556133270263672
49 0.022736072540283203
50 0.0217134952545166
51 0.02169513702392578
52 0.022760629653930664
53 0.024793148040771484
54 0.020582199096679688
55 0.0185849666595459
56 0.020631074905395508
57 0.01898646354675293
58 0.018843650817871094
59 0.02154994010925293
60 0.018608808517456055
61 0.018810033798217773
62 0.018381834030151367
63 0.01866436004638672
64 0.018337488174438477
65 0.017760753631591797
66 0.01795482635498047
67 0.018183231353759766
68 0.01826167106628418
69 0.017993450164794922
70 0.018479347229003906
71 0.018382549285888672
72 0.02256488800048828
73 0.01860213279724121
74 0.018295764923095703
75 0.01874232292175293
76 0.01865530014038086
77 0.01900959014892578
78 0.0178530216217041
79 0.01789093017578125
80 0.018157482147216797
81 0.01858377456665039
82 0.018251419067382812
83 0.019265174865722656
84 0.021282434463500977
85 0.018689393997192383
86 0.018912792205810547
87 0.018032312393188477
88 0.01800227165222168
89 0.018088817596435547
90 0.018280982971191406
91 0.019153356552124023
92 0.01874089241027832
93 0.018237590789794922
94 0.018271446228027344
95 0.01765894889831543
96 0.018787145614624023
97 0.019205093383789062
98 0.018319129943847656
99 0.018717527389526367
