0 0.05730175971984863
1 0.05921030044555664
2 0.05368328094482422
3 0.01740121841430664
4 0.018547773361206055
5 0.01761627197265625
6 0.01890873908996582
7 0.020247697830200195
8 0.01998758316040039
9 0.020021915435791016
10 0.019987106323242188
11 0.020092487335205078
12 0.020008325576782227
13 0.019868850708007812
14 0.01978158950805664
15 0.019834041595458984
16 0.020800352096557617
17 0.020383834838867188
18 0.0211181640625
19 0.021721363067626953
20 0.020076274871826172
21 0.019918441772460938
22 0.019945621490478516
23 0.019900083541870117
24 0.02043914794921875
25 0.019228458404541016
26 0.01735401153564453
27 0.01762866973876953
28 0.017524242401123047
29 0.017586708068847656
30 0.017452239990234375
31 0.017757415771484375
32 0.01859879493713379
33 0.017424345016479492
34 0.017522096633911133
35 0.0174558162689209
36 0.018276214599609375
37 0.017302274703979492
38 0.01807260513305664
39 0.01761627197265625
40 0.01770782470703125
41 0.017516613006591797
42 0.017583370208740234
43 0.017329931259155273
44 0.017638683319091797
45 0.019318342208862305
46 0.017656803131103516
47 0.018090009689331055
48 0.018050670623779297
49 0.017784833908081055
50 0.017647743225097656
51 0.01762700080871582
52 0.017518043518066406
53 0.017952680587768555
54 0.017446041107177734
55 0.018886804580688477
56 0.017413854598999023
57 0.017511844635009766
58 0.018085002899169922
59 0.017887115478515625
60 0.01758599281311035
61 0.017440319061279297
62 0.017650842666625977
63 0.018406152725219727
64 0.017716169357299805
65 0.01761937141418457
66 0.017586946487426758
67 0.01754021644592285
68 0.017583608627319336
69 0.0173795223236084
70 0.017742156982421875
71 0.01808619499206543
72 0.019992828369140625
73 0.01853632926940918
74 0.019190073013305664
75 0.01770615577697754
76 0.01776266098022461
77 0.01753544807434082
78 0.01774764060974121
79 0.017647981643676758
80 0.01774764060974121
81 0.017725229263305664
82 0.017630338668823242
83 0.017856597900390625
84 0.018230915069580078
85 0.017966747283935547
86 0.01784205436706543
87 0.01821446418762207
88 0.017647266387939453
89 0.01805591583251953
90 0.018160104751586914
91 0.01800704002380371
92 0.01790642738342285
93 0.017683982849121094
94 0.018031835556030273
95 0.018166780471801758
96 0.01853346824645996
97 0.0176846981048584
98 0.017934083938598633
99 0.01795172691345215
