0 0.04721331596374512
1 0.025266170501708984
2 0.018344402313232422
3 0.018280506134033203
4 0.020282745361328125
5 0.020801782608032227
6 0.020563125610351562
7 0.021403074264526367
8 0.02042675018310547
9 0.02104473114013672
10 0.021444320678710938
11 0.019787073135375977
12 0.01968240737915039
13 0.02020430564880371
14 0.02004241943359375
15 0.020045757293701172
16 0.020416975021362305
17 0.020017623901367188
18 0.02097320556640625
19 0.020340442657470703
20 0.019721269607543945
21 0.02057337760925293
22 0.02021193504333496
23 0.019157886505126953
24 0.01768946647644043
25 0.01717829704284668
26 0.017539262771606445
27 0.017599105834960938
28 0.018233537673950195
29 0.01745462417602539
30 0.017655611038208008
31 0.017323732376098633
32 0.017347335815429688
33 0.017470359802246094
34 0.01717233657836914
35 0.017487764358520508
36 0.017700672149658203
37 0.017466068267822266
38 0.017937183380126953
39 0.017724990844726562
40 0.017407894134521484
41 0.017166614532470703
42 0.0175321102142334
43 0.017197608947753906
44 0.017828941345214844
45 0.01720595359802246
46 0.017231464385986328
47 0.017910003662109375
48 0.01792740821838379
49 0.01828789710998535
50 0.01751399040222168
51 0.017154455184936523
52 0.0177152156829834
53 0.01735401153564453
54 0.017064332962036133
55 0.017327308654785156
56 0.017125606536865234
57 0.017374515533447266
58 0.01742076873779297
59 0.017194509506225586
60 0.017521381378173828
61 0.017520427703857422
62 0.017793893814086914
63 0.017112255096435547
64 0.017343997955322266
65 0.017329931259155273
66 0.017085552215576172
67 0.0171053409576416
68 0.01701831817626953
69 0.018051624298095703
70 0.01725149154663086
71 0.017712831497192383
72 0.017702579498291016
73 0.017304182052612305
74 0.017176151275634766
75 0.01787114143371582
76 0.017632246017456055
77 0.018377065658569336
78 0.017958402633666992
79 0.01760578155517578
80 0.019374847412109375
81 0.01744699478149414
82 0.017508983612060547
83 0.017623424530029297
84 0.017387866973876953
85 0.017520427703857422
86 0.01794576644897461
87 0.01754903793334961
88 0.01807713508605957
89 0.01798105239868164
90 0.019972801208496094
91 0.017515897750854492
92 0.017430543899536133
93 0.017427921295166016
94 0.017252445220947266
95 0.01753377914428711
96 0.017222881317138672
97 0.017242908477783203
98 0.017249345779418945
99 0.017366647720336914
